world: world
x: 1242.8233407217322
y: 14.231107399112174
z: 123.17549102525288
yaw: 33.592243
pitch: 46.950024
name: arène
