world: world
x: 5001.407530728558
y: 100.0
z: 5001.299658838663
yaw: 181.40411
pitch: 18.56314
name: Fondateurs
