world: world
x: -77.77049705803253
y: 29.0
z: 1.4660069030617087
yaw: 88.29823
pitch: -0.6706947
name: Hunger-Games
