world: world
x: 5020.699999988079
y: 1.0
z: 5228.301651487736
yaw: -270.72485
pitch: 47.399986
name: jail
