world: world
x: 5005.998281206023
y: 103.0
z: 5223.695197767782
yaw: -178.59587
pitch: 27.763302
name: Règlement
