spawns: 
  default: 
    world: world
    x: 10207.5
    y: 86.0
    z: 99887.5
    yaw: 266.90924
    pitch: -5.27837
