uuid: 84b6af53-72a0-3c7d-992d-579e0333e7a1
timestamps:
  login: 1436022664355
  logout: 1436022679672
ipAddress: 127.0.0.1
lastlocation:
  world: world
  x: 10206.5
  y: 86.0
  z: 99882.5
  yaw: 0.0
  pitch: 0.0
logoutlocation:
  world: world
  x: 10213.10252170367
  y: 86.0
  z: 99887.45505363215
  yaw: 268.99146
  pitch: -1.0802907
