uuid: a7161e76-9507-385a-ad16-abeef5f0741b
timestamps:
  login: 1436357442976
  logout: 1436357463260
ipAddress: 127.0.0.1
lastlocation:
  world: world
  x: 10207.5
  y: 207.0
  z: 99891.5
  yaw: 0.0
  pitch: 0.0
logoutlocation:
  world: world
  x: 10212.50806548785
  y: 86.0
  z: 99887.79345348092
  yaw: 261.4197
  pitch: 23.778004
