uuid: 5d547068-192a-3534-99be-57292b826693
timestamps:
  login: 1435913639195
  kits:
    tools: 1435913653433
  logout: 1435915092302
ipAddress: 127.0.0.1
lastlocation:
  world: world
  x: 10191.489085438203
  y: 64.16649117765083
  z: 99905.20616496072
  yaw: 2.6258545
  pitch: 48.430515
afk: false
logoutlocation:
  world: world
  x: 10148.300000011921
  y: 66.0
  z: 99944.61388403772
  yaw: -333.04416
  pitch: -15.667743
