uuid: 93234469-8838-3e66-89c2-867a3310f06b
timestamps:
  login: 1436573810390
  logout: 1436573820326
ipAddress: 127.0.0.1
lastlocation:
  world: world
  x: 10205.5
  y: 86.0
  z: 99887.5
  yaw: 0.0
  pitch: 0.0
logoutlocation:
  world: world
  x: 10218.905938097932
  y: 69.0
  z: 100065.38583049405
  yaw: 73.85939
  pitch: 9.721595
