uuid: 15ceff8e-5a54-3271-b127-f380da3e4c16
timestamps:
  login: 1436903345486
  logout: 1436903359207
ipAddress: 127.0.0.1
lastlocation:
  world: world
  x: 10203.5
  y: 86.0
  z: 99888.5
  yaw: 0.0
  pitch: 0.0
logoutlocation:
  world: world
  x: 10217.412043019098
  y: 86.0
  z: 99887.30420202448
  yaw: 264.20926
  pitch: 9.27163
