uuid: 64c4255b-d6f1-378a-8e62-25d9f27f8d6d
timestamps:
  login: 1436104003570
  logout: 1436104200254
ipAddress: 127.0.0.1
lastlocation:
  world: world
  x: 10207.5
  y: 86.0
  z: 99889.5
  yaw: 0.0
  pitch: 0.0
logoutlocation:
  world: world
  x: 10204.335993632096
  y: 63.0
  z: 99883.2968436959
  yaw: 214.2771
  pitch: 13.23125
