uuid: acd02950-9646-39aa-80a8-0632592836d4
timestamps:
  login: 1436469729773
  logout: 1436469831731
ipAddress: 127.0.0.1
lastlocation:
  world: world
  x: 10205.5
  y: 87.0
  z: 99884.5
  yaw: 0.0
  pitch: 0.0
logoutlocation:
  world: world
  x: 10217.916368075994
  y: 86.0
  z: 99887.66337273909
  yaw: 270.9594
  pitch: 11.97164
