uuid: 6688f081-7961-353d-a0eb-2cfb7753bec7
timestamps:
  login: 1436267190536
  logout: 1436267274262
ipAddress: 127.0.0.1
lastlocation:
  world: world
  x: 10252.903980770057
  y: 64.0
  z: 99852.90917150833
  yaw: 270.22144
  pitch: 24.871616
logoutlocation:
  world: world
  x: 10207.636361416024
  y: 86.0
  z: 99887.51257127197
  yaw: 270.0719
  pitch: -5.27837
