uuid: 53567ce4-b5be-315d-90ce-473d6c9d3545
timestamps:
  login: 1435966888680
  logout: 1435966895533
ipAddress: 127.0.0.1
lastlocation:
  world: world
  x: 10207.648500895535
  y: 86.0
  z: 99887.57485031137
  yaw: 268.99146
  pitch: -1.0802907
logoutlocation:
  world: world
  x: 10207.648500895535
  y: 86.0
  z: 99887.57485031137
  yaw: 268.99146
  pitch: -1.0802907
