lastlocation:
  world: world
  x: 10207.648500895535
  y: 86.0
  z: 99887.57485031137
  yaw: 268.99146
  pitch: -1.0802907
uuid: ceb77d66-b395-3f56-8804-7bfb9a14fa8f
timestamps:
  login: 1435984776935
  logout: 1435984784791
ipAddress: 127.0.0.1
logoutlocation:
  world: world
  x: 10207.648500895535
  y: 86.0
  z: 99887.57485031137
  yaw: 268.99146
  pitch: -1.0802907
