uuid: 6d07d67e-6c24-3046-b8f1-efaad4965997
timestamps:
  login: 1436033315663
  kits:
    tools: 1436033321075
  logout: 1436033332029
ipAddress: 127.0.0.1
lastlocation:
  world: world
  x: 10205.5
  y: 86.0
  z: 99889.5
  yaw: 0.0
  pitch: 0.0
logoutlocation:
  world: world
  x: 10197.736636757067
  y: 85.0
  z: 99893.45713887872
  yaw: 10.091429
  pitch: 16.469707
