uuid: 281c6889-739e-3282-80e2-63a2d69a56de
timestamps:
  login: 1436440026515
  logout: 1436440044959
ipAddress: 127.0.0.1
lastlocation:
  world: world
  x: 10211.5
  y: 87.0
  z: 99891.5
  yaw: 0.0
  pitch: 0.0
logoutlocation:
  world: world
  x: 10208.464068200497
  y: 86.0
  z: 99888.21430952082
  yaw: 18.359213
  pitch: -4.678369
