uuid: ec7ab8bd-7f3d-30e8-a3ef-cacab5a775db
timestamps:
  login: 1436200811416
  kits:
    tools: 1436200820474
  logout: 1436200841344
ipAddress: 127.0.0.1
lastlocation:
  world: world
  x: 10207.5
  y: 86.0
  z: 99886.5
  yaw: 0.0
  pitch: 0.0
logoutlocation:
  world: world
  x: 10208.64205489273
  y: 86.0
  z: 99900.40036420168
  yaw: 23.268494
  pitch: 11.126949
