uuid: d8694289-9a0f-3141-9460-9715ebd6217a
timestamps:
  login: 1437038061634
  logout: 1437038064384
ipAddress: 127.0.0.1
lastlocation:
  world: world
  x: 10208.5
  y: 85.0
  z: 99891.5
  yaw: 0.0
  pitch: 0.0
logoutlocation:
  world: world
  x: 10207.5
  y: 86.0
  z: 99887.5
  yaw: 266.45926
  pitch: -5.27837
