uuid: 85863ab4-966a-31d8-be9e-d217f76ba7bd
timestamps:
  login: 1436438950584
  logout: 1436438961885
ipAddress: 127.0.0.1
lastlocation:
  world: world
  x: 10204.5
  y: 89.0
  z: 99890.5
  yaw: 0.0
  pitch: 0.0
logoutlocation:
  world: world
  x: 10207.5
  y: 86.0
  z: 99887.5
  yaw: 266.60922
  pitch: 18.72163
