uuid: c185acdb-8245-339e-8614-223be78fdc94
timestamps:
  login: 1435938413631
  logout: 1435938519184
ipAddress: 127.0.0.1
lastlocation:
  world: world
  x: 10210.479691128849
  y: 64.0
  z: 99875.38636272281
  yaw: 84.52579
  pitch: 9.899987
logoutlocation:
  world: world
  x: 10194.041398283658
  y: 86.0
  z: 99894.24245397862
  yaw: 162.82585
  pitch: 29.53052
