uuid: dd259f2d-bfb6-3cc8-b2a7-3d18c84a5057
timestamps:
  login: 1436449309178
  lastteleport: 1436378703625
  logout: 1436449431074
ipAddress: 127.0.0.1
lastlocation:
  world: world
  x: 10210.5
  y: 86.0
  z: 99882.5
  yaw: 0.0
  pitch: 0.0
logoutlocation:
  world: world
  x: 10213.744590655166
  y: 64.0
  z: 99853.01269248695
  yaw: 7.708832
  pitch: -44.278343
