uuid: 63791384-df38-32df-8845-9b853645b0bd
timestamps:
  login: 1436296300800
  logout: 1436296305983
ipAddress: 127.0.0.1
lastlocation:
  world: world
  x: 10208.5
  y: 86.0
  z: 99887.5
  yaw: 0.0
  pitch: 0.0
logoutlocation:
  world: world
  x: 10209.699999988079
  y: 86.0
  z: 99883.54937521929
  yaw: 354.9541
  pitch: -6.290882
