uuid: 2ee6f730-a52e-3c8d-9dab-fd00a7f613b1
timestamps:
  login: 1436316045187
  logout: 1436316050889
ipAddress: 127.0.0.1
lastlocation:
  world: world
  x: 10210.5
  y: 207.0
  z: 99883.5
  yaw: 0.0
  pitch: 0.0
logoutlocation:
  world: world
  x: 10208.788457466002
  y: 86.0
  z: 99887.50073285904
  yaw: 269.92938
  pitch: -5.4208922
