uuid: 8795ed76-2e2c-3b51-b4e8-4708c0fac92f
timestamps:
  login: 1436013583325
  logout: 1436013674882
ipAddress: 127.0.0.1
lastlocation:
  world: world
  x: 10208.5
  y: 86.0
  z: 99884.5
  yaw: 0.0
  pitch: 0.0
logoutlocation:
  world: world
  x: 10169.91568650488
  y: 63.0
  z: 99812.66487970322
  yaw: -93.089096
  pitch: 0.6867522
