uuid: 4b129747-6617-3bfc-ba1b-ee29b7a6df77
timestamps:
  login: 1436103590718
  lastteleport: 1436104114321
  logout: 1436104137584
ipAddress: 127.0.0.1
lastlocation:
  world: world
  x: 10207.648500895535
  y: 86.0
  z: 99887.57485031137
  yaw: 268.99146
  pitch: -1.0802907
logoutlocation:
  world: world
  x: 9989.02731763232
  y: 30.0
  z: 100586.30000001192
  yaw: 0.99157715
  pitch: -22.50009
