uuid: ccd01c04-503d-33d4-8741-10dec89897b8
timestamps:
  login: 1436352928738
  kits:
    tools: 1436352984709
  logout: 1436353056703
ipAddress: 127.0.0.1
lastlocation:
  world: world
  x: 10207.5
  y: 86.0
  z: 99882.5
  yaw: 0.0
  pitch: 0.0
logoutlocation:
  world: world
  x: 10230.641192922685
  y: 66.0
  z: 99916.96951509964
  yaw: 268.73895
  pitch: 8.84984
