uuid: 45adcf84-cb21-365f-859f-c7fbf47f3b01
timestamps:
  login: 1436279210892
ipAddress: 127.0.0.1
lastlocation:
  world: world
  x: 963.5
  y: 192.0
  z: 1329.5
  yaw: 0.0
  pitch: 0.0
logoutlocation:
  world: world
  x: 972.5
  y: 157.0
  z: 1328.5
  yaw: 270.19168
  pitch: 3.5780563
