uuid: 59cbd3d3-0a8e-34ac-a127-71c2cd184c62
timestamps:
  login: 1436276548872
ipAddress: 127.0.0.1
lastlocation:
  world: world
  x: 972.5
  y: 161.0
  z: 1332.5
  yaw: 0.0
  pitch: 0.0
logoutlocation:
  world: world
  x: 972.5
  y: 157.0
  z: 1328.5
  yaw: 270.19168
  pitch: 3.5780563
