uuid: 30b89051-a0b4-3cd0-b088-753bb9b2f14d
timestamps:
  login: 1436136691263
ipAddress: 127.0.0.1
lastlocation:
  world: world
  x: 978.5
  y: 155.0
  z: 1333.5
  yaw: 0.0
  pitch: 0.0
logoutlocation:
  world: world
  x: 984.5
  y: 166.0
  z: 1329.5
  yaw: 269.04224
  pitch: 23.452097
