uuid: 80d105ee-557c-3179-bb2d-a31a16edbc05
timestamps:
  login: 1436276545623
ipAddress: 127.0.0.1
lastlocation:
  world: world
  x: 974.5
  y: 162.0
  z: 1327.5
  yaw: 0.0
  pitch: 0.0
logoutlocation:
  world: world
  x: 972.5
  y: 157.0
  z: 1328.5
  yaw: 270.19168
  pitch: 3.5780563
