uuid: 1a597683-354b-3745-8434-46682ab3c7f3
timestamps:
  login: 1436270447168
  logout: 1436270447387
ipAddress: 127.0.0.1
lastlocation:
  world: world
  x: 967.5
  y: 186.0
  z: 1320.5
  yaw: 0.0
  pitch: 0.0
logoutlocation:
  world: world
  x: 972.5
  y: 157.0
  z: 1328.5
  yaw: 270.19168
  pitch: 3.5780563
