uuid: ec7ab8bd-7f3d-30e8-a3ef-cacab5a775db
timestamps:
  login: 1436201023979
ipAddress: 127.0.0.1
lastlocation:
  world: world
  x: 977.5
  y: 154.0
  z: 1320.5
  yaw: 0.0
  pitch: 0.0
logoutlocation:
  world: world
  x: 972.5
  y: 157.0
  z: 1328.5
  yaw: 270.19168
  pitch: 3.5780563
