uuid: 11a4a81b-0040-34e1-a825-b83709459be5
timestamps:
  login: 1436390080574
  logout: 1436390253259
ipAddress: 127.0.0.1
lastlocation:
  world: world
  x: 972.5
  y: 157.0
  z: 1328.5
  yaw: 271.2741
  pitch: 9.125239
logoutlocation:
  world: world
  x: 1060.1494484204748
  y: 186.0
  z: 1481.300000011921
  yaw: 174.67404
  pitch: 40.500042
