uuid: efbe1d0a-9861-33ed-b281-a534f223ab08
timestamps:
  login: 1436298708055
  logout: 1436299812362
ipAddress: 127.0.0.1
lastlocation:
  world: world
  x: 978.5
  y: 155.0
  z: 1328.5
  yaw: 258.12372
  pitch: 28.315107
logoutlocation:
  world: world
  x: 972.6551496649405
  y: 157.0
  z: 1328.5109699604095
  yaw: 271.42023
  pitch: 9.173944
