uuid: 11bfffc6-e1e0-3b17-bd76-9f102892d4b5
timestamps:
  login: 1436277153561
ipAddress: 127.0.0.1
lastlocation:
  world: world
  x: 980.5
  y: 151.0
  z: 1321.5
  yaw: 0.0
  pitch: 0.0
logoutlocation:
  world: world
  x: 972.5
  y: 157.0
  z: 1328.5
  yaw: 270.19168
  pitch: 3.5780563
