uuid: 63791384-df38-32df-8845-9b853645b0bd
timestamps:
  login: 1436296266964
  logout: 1436296278585
ipAddress: 127.0.0.1
lastlocation:
  world: world
  x: 971.5
  y: 188.0
  z: 1327.5
  yaw: 0.0
  pitch: 0.0
logoutlocation:
  world: world
  x: 972.5
  y: 157.0
  z: 1328.5
  yaw: 199.21725
  pitch: 30.106668
