uuid: 42ae332c-dbd8-3663-9bac-3ae9e399b51d
timestamps:
  login: 1436219845004
ipAddress: 127.0.0.1
lastlocation:
  world: world
  x: 968.5
  y: 172.0
  z: 1321.5
  yaw: 0.0
  pitch: 0.0
logoutlocation:
  world: world
  x: 972.5
  y: 157.0
  z: 1328.5
  yaw: 270.19168
  pitch: 3.5780563
