uuid: f5c13dd1-6393-3977-9ea1-bb93804c444d
timestamps:
  login: 1436271418405
ipAddress: 127.0.0.1
lastlocation:
  world: world
  x: 974.5
  y: 161.0
  z: 1335.5
  yaw: 0.0
  pitch: 0.0
logoutlocation:
  world: world
  x: 972.5
  y: 157.0
  z: 1328.5
  yaw: 270.19168
  pitch: 3.5780563
