uuid: 23b26c62-3cf9-3d7b-aad7-f2a93dc30955
timestamps:
  login: 1436439272951
  logout: 1436440015213
  mute: 1436443604549
ipAddress: 127.0.0.1
lastlocation:
  world: world
  x: 1050.699999988079
  y: 147.0
  z: 1390.8646090106076
  yaw: -229.0314
  pitch: -8.052162
ban:
  reason: 'Banni : TG'
  timeout: 0
logoutlocation:
  world: world
  x: 973.2511843291176
  y: 157.0
  z: 1326.1287273723597
  yaw: 1.6505127
  pitch: -1.749442
muted: true
