uuid: f1bcedce-4277-3cf7-b8b4-4ebe90682e3b
timestamps:
  login: 1436461399912
  logout: 1436461408848
ipAddress: 127.0.0.1
lastlocation:
  world: world
  x: 975.5
  y: 161.0
  z: 1337.5
  yaw: 0.0
  pitch: 0.0
logoutlocation:
  world: world
  x: 972.5
  y: 157.0
  z: 1328.5
  yaw: -51.22581
  pitch: 18.275227
