uuid: 94585df1-65c7-38b4-bea9-d90c8551e645
timestamps:
  login: 1436219840533
  logout: 1436219840894
ipAddress: 127.0.0.1
lastlocation:
  world: world
  x: 970.5
  y: 171.0
  z: 1323.5
  yaw: 0.0
  pitch: 0.0
logoutlocation:
  world: world
  x: 972.5
  y: 157.0
  z: 1328.5
  yaw: 270.19168
  pitch: 3.5780563
