uuid: ffbe5d06-872f-3f13-a6b4-98c7ace1afbb
timestamps:
  login: 1436558993375
  logout: 1436558996573
ipAddress: 127.0.0.1
lastlocation:
  world: world
  x: 978.5
  y: 155.0
  z: 1328.5
  yaw: 269.63635
  pitch: 7.8969016
logoutlocation:
  world: world
  x: 972.6072622754849
  y: 157.0
  z: 1328.5511774656898
  yaw: 256.78604
  pitch: 5.7236876
