spawns: 
  default: 
    world: world
    x: 972.6551496649405
    y: 157.0
    z: 1328.5109699604095
    yaw: 271.2741
    pitch: 9.125239
