spawns: 
  default: 
    world: world
    x: 526.5
    y: 8.0
    z: 493.5
    yaw: 5.46167
    pitch: 2.4994261
