world: world
x: 10366.504024914377
y: 104.0
z: 99677.66729348958
yaw: -244.11139
pitch: 7.333444
name: 1v1
