world: world
x: 10030.055882504292
y: 5.0
z: 99896.96782444675
yaw: -304.36694
pitch: -46.999245
name: Gladiateur
