world: world
x: 10122.5
y: 4.0
z: 99978.5
yaw: -90.06013
pitch: -0.107920974
name: Kits
