world: world
x: 10303.666989914022
y: 4.0
z: 99719.10652632047
yaw: 319.1936
pitch: -17.019995
name: lol
