world: world
x: 10000.53073265971
y: 4.0
z: 100000.43382853176
yaw: -89.95102
pitch: -0.10790616
name: PvPBox
