uuid: 63c1f44e-f6f2-3eab-ae35-451f2c16d453
timestamps:
  login: 1435760589554
  logout: 1435761077984
ipAddress: 127.0.0.1
lastlocation:
  world: world
  x: 1252.5
  y: 4.0
  z: 102.5
  yaw: 0.0
  pitch: 0.0
logoutlocation:
  world: world
  x: 1246.5101122460585
  y: 4.0
  z: 107.29459747318108
  yaw: -113.25799
  pitch: 22.949982
