uuid: 9401e003-fe01-3bb7-8aca-c8ba21e23a12
timestamps:
  login: 1436001568925
  logout: 1436001575183
ipAddress: 127.0.0.1
lastlocation:
  world: world
  x: 1245.5
  y: 4.0
  z: 99.5
  yaw: 0.0
  pitch: 0.0
logoutlocation:
  world: world
  x: 1245.6561321602255
  y: 4.0
  z: 108.81696777179035
  yaw: -36.90791
  pitch: 2.6756794
