uuid: 0d2c5618-d484-3e9b-8a6f-57a513614f9e
timestamps:
  login: 1436446573176
  logout: 1436446592070
ipAddress: 127.0.0.1
lastlocation:
  world: world
  x: 1285.5
  y: 9.0
  z: -130.5
  yaw: 0.0
  pitch: 0.0
logoutlocation:
  world: world
  x: 1280.9972803987619
  y: 4.0
  z: -133.07499998807907
  yaw: 240.86348
  pitch: 15.737626
