uuid: 5525a7b1-1f10-3064-ae2d-96b7423b8774
timestamps:
  login: 1437030606787
  logout: 1437030896451
  lastteleport: 1435855902618
ipAddress: 127.0.0.1
logoutlocation:
  world: world
  x: 1212.7144816173382
  y: 54.7775955670509
  z: 237.2732392731455
  yaw: -176.1001
  pitch: 46.199963
lastlocation:
  world: world
  x: 1231.0608628406494
  y: 5.141490676257578
  z: 136.93713088686363
  yaw: 35.652462
  pitch: 41.699997
homes:
  home:
    world: world
    x: 1614.9936061154572
    y: 14.029687714379588
    z: 207.0066136561877
    yaw: 27.447493
    pitch: 17.850048
  m:
    world: world
    x: 1614.9936061154572
    y: 14.029687714379588
    z: 207.0066136561877
    yaw: 27.447493
    pitch: 17.850048
afk: false
