uuid: b94643fd-ac50-3f1b-965c-ffda02c0e15d
timestamps:
  login: 1436286782551
  logout: 1436286787365
ipAddress: 127.0.0.1
logoutlocation:
  world: world
  x: 1282.5565102056592
  y: 4.0
  z: -132.08363533743247
  yaw: 145.26949
  pitch: 8.5006895
