uuid: b7eaebf3-a1cd-3e89-af5c-c7afc59d432b
timestamps:
  login: 1436353602753
  logout: 1436353616486
ipAddress: 127.0.0.1
lastlocation:
  world: world
  x: 1274.5
  y: 4.0
  z: -140.5
  yaw: 0.0
  pitch: 0.0
logoutlocation:
  world: world
  x: 1282.9884350157852
  y: 4.0
  z: -133.60082416396338
  yaw: 209.79593
  pitch: -1.7588689
