uuid: b4848818-f52d-3d75-99db-876873213ead
timestamps:
  login: 1436384192176
  logout: 1436384202917
ipAddress: 127.0.0.1
lastlocation:
  world: world
  x: 1278.5
  y: 4.0
  z: -128.5
  yaw: 0.0
  pitch: 0.0
logoutlocation:
  world: world
  x: 1282.2267630514218
  y: 4.0
  z: -135.08090834212476
  yaw: -222.02272
  pitch: 12.174094
