uuid: 11bfffc6-e1e0-3b17-bd76-9f102892d4b5
timestamps:
  login: 1436276887849
  logout: 1436276918841
ipAddress: 127.0.0.1
lastlocation:
  world: world
  x: 1273.5
  y: 4.0
  z: -143.5
  yaw: 0.0
  pitch: 0.0
logoutlocation:
  world: world
  x: 1283.903247920038
  y: 4.0
  z: -131.30000001192093
  yaw: 5.495931
  pitch: -31.458866
