uuid: d9923fa6-9814-3aad-a2cf-79dc114d6697
timestamps:
  login: 1436524620476
  logout: 1436524622383
ipAddress: 127.0.0.1
logoutlocation:
  world: world
  x: 1282.4579293924605
  y: 4.0
  z: -134.95845613221704
  yaw: 50.30696
  pitch: 3.5784936
