uuid: 8d994ee7-fc56-3855-bda4-a75d6347ecd5
timestamps:
  login: 1436457055187
  logout: 1436457057539
ipAddress: 127.0.0.1
lastlocation:
  world: world
  x: 1274.5
  y: 4.0
  z: -133.5
  yaw: 0.0
  pitch: 0.0
logoutlocation:
  world: world_the_end
  x: 100.57201623207068
  y: 57.0
  z: -3.0185116256458326
  yaw: 206.64326
  pitch: 17.8372
