uuid: 01385ec8-76e3-3ddc-be30-c321dd602eb3
timestamps:
  login: 1435704058858
  logout: 1435704066186
ipAddress: 127.0.0.1
logoutlocation:
  world: world
  x: 5006.244166152361
  y: 101.0
  z: 5219.740811878407
  yaw: -223.33443
  pitch: 19.4132
