uuid: 68bd910e-ecbd-36d2-8ed7-a2ae8f55c91a
timestamps:
  login: 1435695069319
  logout: 1435695082926
ipAddress: 127.0.0.1
logoutlocation:
  world: world
  x: 11.028958511905637
  y: 29.0
  z: -6.872036265952612
  yaw: -9.090226
  pitch: 10.947175
