uuid: c3a70acf-9deb-3451-b769-bc40d585ee62
timestamps:
  login: 1436456313495
  logout: 1436456831353
ipAddress: 127.0.0.1
lastlocation:
  world: world
  x: 1273.5
  y: 4.0
  z: -129.5
  yaw: 0.0
  pitch: 0.0
logoutlocation:
  world: world_the_end
  x: 102.09296947329125
  y: -198.31010910740187
  z: 31.621240330637264
  yaw: 101.400024
  pitch: -53.850002
