uuid: 7976b660-92a8-36ee-909e-15f39b789046
timestamps:
  login: 1436539491144
  logout: 1436539498548
ipAddress: 127.0.0.1
lastlocation:
  world: world
  x: 1274.5
  y: 4.0
  z: -129.5
  yaw: 0.0
  pitch: 0.0
logoutlocation:
  world: world
  x: 1280.6553762549458
  y: 4.0
  z: -133.49649021009998
  yaw: 141.8458
  pitch: 14.291126
