spawns: 
  default: 
    world: world
    x: 1281.5
    y: 4.0
    z: -134.5
    yaw: -4.254059
    pitch: 4.3911304
