socialspy: false
uuid: f5bf41fe-9801-38c6-b57a-26db71fbc141
timestamps:
  login: 1436513031212
  logout: 1436513032812
ipAddress: 121.15.230.126
lastlocation:
  world: world
  x: 517.5
  y: 5.0
  z: 488.5
  yaw: 0.0
  pitch: 0.0
logoutlocation:
  world: world
  x: 526.5
  y: 8.0
  z: 493.5
  yaw: 5.46167
  pitch: 2.4994261
