socialspy: false
uuid: af2f1805-0704-3995-b9c2-a9cdb7daea49
timestamps:
  login: 1436528113461
  logout: 1436528143158
ipAddress: 201.210.10.233
lastlocation:
  world: world
  x: 523.5
  y: 7.0
  z: 488.5
  yaw: 0.0
  pitch: 0.0
logoutlocation:
  world: world
  x: 526.5
  y: 8.0
  z: 493.5
  yaw: 5.46167
  pitch: 2.4994261
