socialspy: false
uuid: 7928a83b-9639-36d4-a468-b6a3b2377fac
timestamps:
  login: 1436510562968
ipAddress: 223.68.6.10
lastlocation:
  world: world
  x: 534.5
  y: 5.0
  z: 486.5
  yaw: 0.0
  pitch: 0.0
logoutlocation:
  world: world
  x: 526.5
  y: 8.0
  z: 493.5
  yaw: 5.46167
  pitch: 2.4994261
