socialspy: false
uuid: 7ffb7bba-1bd7-3da3-a7f1-3c78c57cd149
timestamps:
  login: 1436516990097
ipAddress: 186.116.8.170
lastlocation:
  world: world
  x: 524.5
  y: 7.0
  z: 484.5
  yaw: 0.0
  pitch: 0.0
logoutlocation:
  world: world
  x: 526.5
  y: 8.0
  z: 493.5
  yaw: 5.46167
  pitch: 2.4994261
