socialspy: false
uuid: 6bdd3d9c-6b0f-370f-932a-db401cdb8000
timestamps:
  login: 1436528055444
ipAddress: 162.223.88.243
lastlocation:
  world: world
  x: 521.5
  y: 7.0
  z: 487.5
  yaw: 0.0
  pitch: 0.0
logoutlocation:
  world: world
  x: 526.5
  y: 8.0
  z: 493.5
  yaw: 5.46167
  pitch: 2.4994261
