socialspy: false
uuid: 72d669ea-beb0-3b45-b716-2e485a559a21
timestamps:
  login: 1436528121283
ipAddress: 202.148.27.122
lastlocation:
  world: world
  x: 529.5
  y: 13.0
  z: 493.5
  yaw: 0.0
  pitch: 0.0
logoutlocation:
  world: world
  x: 526.5
  y: 8.0
  z: 493.5
  yaw: 5.46167
  pitch: 2.4994261
