socialspy: false
uuid: 8749f936-24b5-3217-b6bb-bf563f8a35f0
timestamps:
  login: 1436511000255
  logout: 1436511001356
ipAddress: 222.175.59.218
lastlocation:
  world: world
  x: 531.5
  y: 6.0
  z: 500.5
  yaw: 0.0
  pitch: 0.0
logoutlocation:
  world: world
  x: 526.5
  y: 8.0
  z: 493.5
  yaw: 5.46167
  pitch: 2.4994261
