socialspy: false
uuid: 2794eecc-7460-37a9-98fd-7c66ae380878
timestamps:
  login: 1436512481436
  logout: 1436512483837
ipAddress: 24.172.34.114
lastlocation:
  world: world
  x: 531.5
  y: 7.0
  z: 496.5
  yaw: 0.0
  pitch: 0.0
logoutlocation:
  world: world
  x: 526.5
  y: 8.0
  z: 493.5
  yaw: 5.46167
  pitch: 2.4994261
