socialspy: false
uuid: 8d8eb38a-d958-352d-9ef5-c14b8e34d7c2
timestamps:
  login: 1436212237276
  logout: 1436212239430
ipAddress: 94.121.171.125
lastlocation:
  world: world
  x: 525.5
  y: 13.0
  z: 495.5
  yaw: 0.0
  pitch: 0.0
logoutlocation:
  world: world
  x: 526.5
  y: 8.0
  z: 493.5
  yaw: 5.46167
  pitch: 2.4994261
