socialspy: false
uuid: 06e77422-7c17-3d70-b894-67fdf5e0b1da
timestamps:
  login: 1436512504352
  logout: 1436512506403
ipAddress: 221.229.252.98
lastlocation:
  world: world
  x: 524.5
  y: 13.0
  z: 492.5
  yaw: 0.0
  pitch: 0.0
logoutlocation:
  world: world
  x: 526.5
  y: 8.0
  z: 493.5
  yaw: 5.46167
  pitch: 2.4994261
