socialspy: false
uuid: f617e048-6319-3c27-92a8-7f63eb9f712c
timestamps:
  login: 1436959689249
  logout: 1436959693106
ipAddress: 77.202.30.137
lastlocation:
  world: world
  x: 519.5
  y: 7.0
  z: 489.5
  yaw: 0.0
  pitch: 0.0
logoutlocation:
  world: world
  x: 526.5
  y: 8.0
  z: 493.5
  yaw: 5.46167
  pitch: 4.001476
