socialspy: false
uuid: aa9a91f8-fd0c-3cd7-91bf-4e88c6cdd549
timestamps:
  login: 1436434397405
  logout: 1436434407848
ipAddress: 41.213.215.61
lastlocation:
  world: world
  x: 519.5
  y: 7.0
  z: 489.5
  yaw: 0.0
  pitch: 0.0
logoutlocation:
  world: world
  x: 520.540011205858
  y: 6.5
  z: 487.23590316139047
  yaw: -52.888195
  pitch: 51.45001
