socialspy: false
uuid: 43398d38-71fa-3b17-a9d5-285209ddaaf7
timestamps:
  login: 1436513039482
  logout: 1436513063083
ipAddress: 207.5.112.114
lastlocation:
  world: world
  x: 517.5
  y: 4.0
  z: 492.5
  yaw: 0.0
  pitch: 0.0
logoutlocation:
  world: world
  x: 526.5
  y: 8.0
  z: 493.5
  yaw: 5.46167
  pitch: 2.4994261
