uuid: 696ca135-62f2-3c82-8ce3-0bc6cab9444d
timestamps:
  login: 1435670103181
  logout: 1435670136258
ipAddress: 78.247.116.4
logoutlocation:
  world: world
  x: 525.619650708077
  y: 8.0
  z: 493.26187240399827
  yaw: -64.63319
  pitch: 63.171013
