socialspy: false
uuid: c94cdaa6-fb60-3923-8706-f5d111aefc62
timestamps:
  login: 1436510977849
  logout: 1436510978849
ipAddress: 207.5.112.114
lastlocation:
  world: world
  x: 531.5
  y: 7.0
  z: 491.5
  yaw: 0.0
  pitch: 0.0
logoutlocation:
  world: world
  x: 526.5
  y: 8.0
  z: 493.5
  yaw: 5.46167
  pitch: 2.4994261
