socialspy: false
uuid: 12b8dcf4-db5e-35d0-ae4e-156955641d70
timestamps:
  login: 1436517039909
  logout: 1436517040309
ipAddress: 212.57.179.29
lastlocation:
  world: world
  x: 528.5
  y: 13.0
  z: 491.5
  yaw: 0.0
  pitch: 0.0
logoutlocation:
  world: world
  x: 526.5
  y: 8.0
  z: 493.5
  yaw: 5.46167
  pitch: 2.4994261
