socialspy: false
uuid: 3f628aed-4490-3f77-98be-4dbf3a9fcef6
timestamps:
  login: 1436510773989
  logout: 1436510775842
ipAddress: 186.116.8.170
lastlocation:
  world: world
  x: 521.5
  y: 6.0
  z: 501.5
  yaw: 0.0
  pitch: 0.0
logoutlocation:
  world: world
  x: 526.5
  y: 8.0
  z: 493.5
  yaw: 5.46167
  pitch: 2.4994261
