socialspy: false
uuid: 2a5c3cab-00ec-3b8e-b9e5-980e4756945f
timestamps:
  login: 1436517068181
  logout: 1436517070470
ipAddress: 223.68.6.10
lastlocation:
  world: world
  x: 531.5
  y: 7.0
  z: 487.5
  yaw: 0.0
  pitch: 0.0
logoutlocation:
  world: world
  x: 526.5
  y: 8.0
  z: 493.5
  yaw: 5.46167
  pitch: 2.4994261
