socialspy: false
uuid: da12f3cd-625b-35ef-af36-b5028414d91a
timestamps:
  login: 1436304137612
  logout: 1436304907944
ipAddress: 89.2.73.217
lastlocation:
  world: world
  x: 529.5
  y: 4.0
  z: 502.5
  yaw: 0.0
  pitch: 0.0
logoutlocation:
  world: world
  x: 494.72489695267666
  y: 4.0
  z: 518.4589015977008
  yaw: 69.21165
  pitch: 21.15001
