socialspy: false
uuid: 11407ae7-7f9a-3acd-8388-c48f49259d17
timestamps:
  login: 1436517037067
  logout: 1436517037808
ipAddress: 83.241.46.175
lastlocation:
  world: world
  x: 522.5
  y: 8.0
  z: 489.5
  yaw: 0.0
  pitch: 0.0
logoutlocation:
  world: world
  x: 526.5
  y: 8.0
  z: 493.5
  yaw: 5.46167
  pitch: 2.4994261
