socialspy: false
uuid: d9ef2e95-e188-3212-8882-08def182587e
timestamps:
  login: 1436527860074
  logout: 1436527888402
ipAddress: 61.162.223.41
lastlocation:
  world: world
  x: 528.5
  y: 7.0
  z: 498.5
  yaw: 0.0
  pitch: 0.0
logoutlocation:
  world: world
  x: 526.5
  y: 8.0
  z: 493.5
  yaw: 5.46167
  pitch: 2.4994261
