uuid: e629f161-7780-36b4-95ba-1c5be90c43ed
timestamps:
  login: 1437054957636
  logout: 1437054987400
ipAddress: 41.34.105.88
lastlocation:
  world: world
  x: 523.5
  y: 8.0
  z: 489.5
  yaw: 0.0
  pitch: 0.0
logoutlocation:
  world: world
  x: 526.5
  y: 8.0
  z: 493.5
  yaw: 8.461678
  pitch: 22.899424
socialspy: false
