socialspy: false
uuid: 826d8a22-c0e1-35b6-a921-ed88c8643b31
timestamps:
  login: 1436511299173
  logout: 1436511327347
ipAddress: 202.148.27.122
lastlocation:
  world: world
  x: 530.5
  y: 4.0
  z: 484.5
  yaw: 0.0
  pitch: 0.0
logoutlocation:
  world: world
  x: 526.5
  y: 8.0
  z: 493.5
  yaw: 5.46167
  pitch: 2.4994261
