socialspy: false
uuid: 79b4db00-4c82-3fad-a3e8-2c86fd7fc135
timestamps:
  login: 1436527970028
ipAddress: 103.11.192.114
lastlocation:
  world: world
  x: 518.5
  y: 6.0
  z: 499.5
  yaw: 0.0
  pitch: 0.0
logoutlocation:
  world: world
  x: 526.5
  y: 8.0
  z: 493.5
  yaw: 5.46167
  pitch: 2.4994261
