socialspy: false
uuid: 7c1d950d-84c1-3030-8894-acc35c029da0
timestamps:
  login: 1436527774078
ipAddress: 186.116.8.170
lastlocation:
  world: world
  x: 523.5
  y: 7.0
  z: 498.5
  yaw: 0.0
  pitch: 0.0
logoutlocation:
  world: world
  x: 526.5
  y: 8.0
  z: 493.5
  yaw: 5.46167
  pitch: 2.4994261
