socialspy: false
uuid: 449672f8-f76f-317a-a8a2-7ca25ce91459
timestamps:
  login: 1436510538332
  logout: 1436510567169
ipAddress: 218.63.208.223
lastlocation:
  world: world
  x: 525.5
  y: 5.0
  z: 487.5
  yaw: 0.0
  pitch: 0.0
logoutlocation:
  world: world
  x: 526.5
  y: 8.0
  z: 493.5
  yaw: 5.46167
  pitch: 2.4994261
