socialspy: false
uuid: 20856b77-de1a-386c-8055-f12a996d2f7a
timestamps:
  login: 1436513063233
ipAddress: 222.88.242.213
lastlocation:
  world: world
  x: 523.5
  y: 4.0
  z: 483.5
  yaw: 0.0
  pitch: 0.0
logoutlocation:
  world: world
  x: 526.5
  y: 8.0
  z: 493.5
  yaw: 5.46167
  pitch: 2.4994261
