socialspy: false
uuid: ddd5f507-46a6-3676-9a20-968d586cbbd2
timestamps:
  login: 1436527840525
  logout: 1436527870340
ipAddress: 91.106.34.18
lastlocation:
  world: world
  x: 531.5
  y: 7.0
  z: 488.5
  yaw: 0.0
  pitch: 0.0
logoutlocation:
  world: world
  x: 526.5
  y: 8.0
  z: 493.5
  yaw: 5.46167
  pitch: 2.4994261
