socialspy: false
uuid: 1b6d5270-8e90-3b01-8304-6da5b66106ce
timestamps:
  login: 1436099649419
  logout: 1436099668200
ipAddress: 41.213.215.61
lastlocation:
  world: world
  x: 526.5
  y: 9.0
  z: 483.5
  yaw: 0.0
  pitch: 0.0
logoutlocation:
  world: world
  x: 526.6060517977992
  y: 8.0
  z: 492.5971287414418
  yaw: 177.66168
  pitch: 65.64942
