socialspy: false
uuid: 0794dada-6a3c-3a22-9f31-ef6f56ba1c31
timestamps:
  login: 1436480541274
  logout: 1436480560532
ipAddress: 223.68.6.10
lastlocation:
  world: world
  x: 531.5
  y: 7.0
  z: 497.5
  yaw: 0.0
  pitch: 0.0
logoutlocation:
  world: world
  x: 526.5
  y: 8.0
  z: 493.5
  yaw: 5.46167
  pitch: 2.4994261
