socialspy: false
uuid: a63662eb-3a0d-3fef-8761-37088f501ace
timestamps:
  login: 1436512521087
  logout: 1436512521536
ipAddress: 61.19.42.244
lastlocation:
  world: world
  x: 528.5
  y: 12.0
  z: 489.5
  yaw: 0.0
  pitch: 0.0
logoutlocation:
  world: world
  x: 526.5
  y: 8.0
  z: 493.5
  yaw: 5.46167
  pitch: 2.4994261
