socialspy: false
uuid: 94e17541-e6c9-3d00-976f-832734183ca2
timestamps:
  login: 1436516986142
  logout: 1436516987545
ipAddress: 197.210.255.150
lastlocation:
  world: world
  x: 535.5
  y: 4.0
  z: 484.5
  yaw: 0.0
  pitch: 0.0
logoutlocation:
  world: world
  x: 526.5
  y: 8.0
  z: 493.5
  yaw: 5.46167
  pitch: 2.4994261
