socialspy: false
uuid: 882be562-086c-35f9-8960-6a7262562fc9
timestamps:
  login: 1436511117763
ipAddress: 123.52.130.52
lastlocation:
  world: world
  x: 521.5
  y: 7.0
  z: 489.5
  yaw: 0.0
  pitch: 0.0
logoutlocation:
  world: world
  x: 526.5
  y: 8.0
  z: 493.5
  yaw: 5.46167
  pitch: 2.4994261
