socialspy: false
uuid: 97ff873b-ec8e-37e7-92eb-ee1556d6800f
timestamps:
  login: 1436510616834
  logout: 1436510617384
ipAddress: 201.251.156.17
lastlocation:
  world: world
  x: 530.5
  y: 7.0
  z: 498.5
  yaw: 0.0
  pitch: 0.0
logoutlocation:
  world: world
  x: 526.5
  y: 8.0
  z: 493.5
  yaw: 5.46167
  pitch: 2.4994261
