uuid: 9401e003-fe01-3bb7-8aca-c8ba21e23a12
timestamps:
  login: 1436001579532
  logout: 1436001637991
ipAddress: 78.247.184.11
lastlocation:
  world: world
  x: 516.5
  y: 5.0
  z: 500.5
  yaw: 0.0
  pitch: 0.0
logoutlocation:
  world: world
  x: 528.4910113908285
  y: 8.0
  z: 494.60974519781286
  yaw: -165.08823
  pitch: 29.049433
