socialspy: false
uuid: 0d2c5618-d484-3e9b-8a6f-57a513614f9e
timestamps:
  login: 1436546760074
  logout: 1436546765568
ipAddress: 90.62.241.155
lastlocation:
  world: world
  x: 535.5
  y: 4.0
  z: 492.5
  yaw: 0.0
  pitch: 0.0
logoutlocation:
  world: world
  x: 540.8840737173765
  y: 4.0
  z: 501.08451757047857
  yaw: 180.77626
  pitch: 7.295734
