socialspy: false
uuid: 98b94841-e97d-3dc8-a9fb-d52710386b6b
timestamps:
  login: 1436536254585
  logout: 1436536283348
ipAddress: 91.179.250.176
lastlocation:
  world: world
  x: 516.5
  y: 4.0
  z: 496.5
  yaw: 0.0
  pitch: 0.0
logoutlocation:
  world: world
  x: 531.3021501804143
  y: 7.0
  z: 497.1737633374745
  yaw: -19.738338
  pitch: 45.249424
