socialspy: false
uuid: a9b89fe2-d36a-3ec2-9dd4-855e9fbe5cc4
timestamps:
  login: 1436510538892
ipAddress: 94.154.222.95
lastlocation:
  world: world
  x: 518.5
  y: 4.0
  z: 493.5
  yaw: 0.0
  pitch: 0.0
logoutlocation:
  world: world
  x: 526.5
  y: 8.0
  z: 493.5
  yaw: 5.46167
  pitch: 2.4994261
