socialspy: false
uuid: d0f6684b-d0ce-3941-8bc4-d73fedbfc996
timestamps:
  login: 1436181108015
  logout: 1436181127317
ipAddress: 79.88.205.138
lastlocation:
  world: world
  x: 533.5
  y: 4.0
  z: 492.5
  yaw: 0.0
  pitch: 0.0
logoutlocation:
  world: world
  x: 511.29975221175164
  y: 4.5
  z: 504.4432229924797
  yaw: 55.673035
  pitch: 1.6411152
