socialspy: false
uuid: da499a90-b611-35df-99b3-6319340adf24
timestamps:
  login: 1436440124097
  logout: 1436440132701
ipAddress: 90.1.127.226
lastlocation:
  world: world
  x: 530.5
  y: 8.0
  z: 490.5
  yaw: 0.0
  pitch: 0.0
logoutlocation:
  world: world
  x: 526.5
  y: 8.0
  z: 493.5
  yaw: 5.46167
  pitch: 2.349426
