socialspy: false
uuid: 290e8b9b-53bb-329f-bb66-82a763350836
timestamps:
  login: 1436527785877
  logout: 1436527815240
ipAddress: 124.161.94.8
lastlocation:
  world: world
  x: 519.5
  y: 7.0
  z: 489.5
  yaw: 0.0
  pitch: 0.0
logoutlocation:
  world: world
  x: 526.5
  y: 8.0
  z: 493.5
  yaw: 5.46167
  pitch: 2.4994261
