socialspy: false
uuid: 9392f908-8c02-37fe-b7eb-1147a1340777
timestamps:
  login: 1436528109375
  logout: 1436528138144
ipAddress: 120.83.5.164
lastlocation:
  world: world
  x: 524.5
  y: 7.0
  z: 488.5
  yaw: 0.0
  pitch: 0.0
logoutlocation:
  world: world
  x: 526.5
  y: 8.0
  z: 493.5
  yaw: 5.46167
  pitch: 2.4994261
