uuid: 775b8046-48f5-3800-81c6-58acda03ac10
timestamps:
  login: 1435741475701
  lastteleport: 1435741542072
  logout: 1435741550269
ipAddress: 142.217.61.179
lastlocation:
  world: world
  x: 548.3538553020918
  y: 4.0
  z: 519.8929315715378
  yaw: 155.61166
  pitch: 9.84943
logoutlocation:
  world: world
  x: 523.4241880535193
  y: 8.0
  z: 489.4224734354933
  yaw: 128.4617
  pitch: 26.199432
