socialspy: false
uuid: 89af2d65-9914-3d81-9c0b-970adc7ca16e
timestamps:
  login: 1436527780871
  logout: 1436527797643
ipAddress: 202.148.27.122
lastlocation:
  world: world
  x: 533.5
  y: 5.0
  z: 502.5
  yaw: 0.0
  pitch: 0.0
logoutlocation:
  world: world
  x: 526.5
  y: 8.0
  z: 493.5
  yaw: 5.46167
  pitch: 2.4994261
