socialspy: false
uuid: 3408f0ef-da19-3cd9-83ba-950a6db34499
timestamps:
  login: 1436517055717
ipAddress: 77.50.220.91
lastlocation:
  world: world
  x: 535.5
  y: 4.0
  z: 497.5
  yaw: 0.0
  pitch: 0.0
logoutlocation:
  world: world
  x: 526.5
  y: 8.0
  z: 493.5
  yaw: 5.46167
  pitch: 2.4994261
