socialspy: false
uuid: 9e3f1e4a-996c-3e89-a7bb-98210ed6b628
timestamps:
  login: 1436516939718
  logout: 1436516942418
ipAddress: 202.159.6.98
lastlocation:
  world: world
  x: 528.5
  y: 7.0
  z: 484.5
  yaw: 0.0
  pitch: 0.0
logoutlocation:
  world: world
  x: 526.5
  y: 8.0
  z: 493.5
  yaw: 5.46167
  pitch: 2.4994261
