socialspy: false
uuid: 73e4c8bf-119f-301d-a2e4-e1d969487de0
timestamps:
  login: 1436511056057
  logout: 1436511061513
ipAddress: 223.68.6.10
lastlocation:
  world: world
  x: 534.5
  y: 4.0
  z: 496.5
  yaw: 0.0
  pitch: 0.0
logoutlocation:
  world: world
  x: 526.5
  y: 8.0
  z: 493.5
  yaw: 5.46167
  pitch: 2.4994261
