socialspy: false
uuid: 9401560d-8fd3-3d5d-81a0-8643799b4ea2
timestamps:
  login: 1436516943419
  logout: 1436516944923
ipAddress: 211.144.81.68
lastlocation:
  world: world
  x: 522.5
  y: 4.0
  z: 484.5
  yaw: 0.0
  pitch: 0.0
logoutlocation:
  world: world
  x: 526.5
  y: 8.0
  z: 493.5
  yaw: 5.46167
  pitch: 2.4994261
