socialspy: false
uuid: 3876f316-784f-30bd-9a5d-c57382caee5b
timestamps:
  login: 1436384015478
  logout: 1436384043127
ipAddress: 109.30.5.233
lastlocation:
  world: world
  x: 527.5
  y: 13.0
  z: 497.5
  yaw: 0.0
  pitch: 0.0
logoutlocation:
  world: world
  x: 535.8388102683691
  y: 4.5
  z: 505.11014708571315
  yaw: -91.738304
  pitch: 24.849424
