socialspy: false
uuid: 1129360a-2a6f-3ecb-9a63-1106da118515
timestamps:
  login: 1436366988089
  logout: 1436367000257
ipAddress: 92.157.163.121
lastlocation:
  world: world
  x: 529.5
  y: 13.0
  z: 490.5
  yaw: 0.0
  pitch: 0.0
logoutlocation:
  world: world
  x: 528.7421872968165
  y: 8.0
  z: 494.16891410689266
  yaw: -36.88427
  pitch: 41.377384
