uuid: 8f1828c8-8e97-3e6e-a5b5-6a37650ca9e8
timestamps:
  login: 1435934115328
  logout: 1435934131684
ipAddress: 94.121.173.248
lastlocation:
  world: world
  x: 528.5
  y: 7.0
  z: 498.5
  yaw: 0.0
  pitch: 0.0
logoutlocation:
  world: world
  x: 558.2552715415601
  y: 4.0
  z: 493.110658250009
  yaw: -85.13789
  pitch: 51.44996
