socialspy: false
uuid: e85f43b4-2c0a-3fe9-abac-c0acde1d7edd
timestamps:
  login: 1436527992415
ipAddress: 204.228.129.46
lastlocation:
  world: world
  x: 534.5
  y: 4.0
  z: 489.5
  yaw: 0.0
  pitch: 0.0
logoutlocation:
  world: world
  x: 526.5
  y: 8.0
  z: 493.5
  yaw: 5.46167
  pitch: 2.4994261
