socialspy: false
uuid: 355f077b-ea1d-3249-94f6-6f4711538f90
timestamps:
  login: 1436528009419
  logout: 1436528037341
ipAddress: 223.68.6.10
lastlocation:
  world: world
  x: 525.5
  y: 13.0
  z: 491.5
  yaw: 0.0
  pitch: 0.0
logoutlocation:
  world: world
  x: 526.5
  y: 8.0
  z: 493.5
  yaw: 5.46167
  pitch: 2.4994261
