socialspy: false
uuid: 1164c7bd-48ea-3b72-9ec0-afac7e191d7a
timestamps:
  login: 1436511415160
  logout: 1436511415310
ipAddress: 204.228.129.46
lastlocation:
  world: world
  x: 518.5
  y: 4.0
  z: 496.5
  yaw: 0.0
  pitch: 0.0
logoutlocation:
  world: world
  x: 526.5
  y: 8.0
  z: 493.5
  yaw: 5.46167
  pitch: 2.4994261
