socialspy: false
uuid: e8b01026-9cf4-3cc5-946f-39fbe5928619
timestamps:
  login: 1436516961351
  logout: 1436516962450
ipAddress: 223.68.6.10
lastlocation:
  world: world
  x: 523.5
  y: 8.0
  z: 497.5
  yaw: 0.0
  pitch: 0.0
logoutlocation:
  world: world
  x: 526.5
  y: 8.0
  z: 493.5
  yaw: 5.46167
  pitch: 2.4994261
