socialspy: false
uuid: 135d1964-4d2a-30a0-ab27-647c6c81200c
timestamps:
  login: 1436512439913
  logout: 1436512441227
ipAddress: 202.148.27.122
lastlocation:
  world: world
  x: 517.5
  y: 5.0
  z: 500.5
  yaw: 0.0
  pitch: 0.0
logoutlocation:
  world: world
  x: 526.5
  y: 8.0
  z: 493.5
  yaw: 5.46167
  pitch: 2.4994261
