socialspy: false
uuid: d8fa2f2d-40f6-379d-ad77-5fa03e67ed55
timestamps:
  login: 1436480505489
ipAddress: 181.211.191.227
lastlocation:
  world: world
  x: 531.5
  y: 6.0
  z: 500.5
  yaw: 0.0
  pitch: 0.0
logoutlocation:
  world: world
  x: 526.5
  y: 8.0
  z: 493.5
  yaw: 5.46167
  pitch: 2.4994261
