socialspy: false
uuid: 457e780e-1834-33d9-8b1f-1f0658af93bd
timestamps:
  login: 1436512391905
ipAddress: 216.171.205.9
lastlocation:
  world: world
  x: 516.5
  y: 4.0
  z: 495.5
  yaw: 0.0
  pitch: 0.0
logoutlocation:
  world: world
  x: 526.5
  y: 8.0
  z: 493.5
  yaw: 5.46167
  pitch: 2.4994261
