socialspy: false
uuid: 004dcf1f-726e-3be6-9d2d-2a4412a81cfc
timestamps:
  login: 1436480441224
  logout: 1436480459808
ipAddress: 200.123.180.145
lastlocation:
  world: world
  x: 528.5
  y: 7.0
  z: 485.5
  yaw: 0.0
  pitch: 0.0
logoutlocation:
  world: world
  x: 526.5
  y: 8.0
  z: 493.5
  yaw: 5.46167
  pitch: 2.4994261
