socialspy: false
uuid: 616717c1-87a9-38d6-aa9c-5b71e1597489
timestamps:
  login: 1436512545970
  logout: 1436512546774
ipAddress: 201.210.10.233
lastlocation:
  world: world
  x: 517.5
  y: 4.0
  z: 494.5
  yaw: 0.0
  pitch: 0.0
logoutlocation:
  world: world
  x: 526.5
  y: 8.0
  z: 493.5
  yaw: 5.46167
  pitch: 2.4994261
