socialspy: false
uuid: 3f196a9d-3fae-3191-87a7-c7d42c005b9b
timestamps:
  login: 1436511183627
  logout: 1436511184386
ipAddress: 207.5.112.114
lastlocation:
  world: world
  x: 525.5
  y: 5.0
  z: 499.5
  yaw: 0.0
  pitch: 0.0
logoutlocation:
  world: world
  x: 526.5
  y: 8.0
  z: 493.5
  yaw: 5.46167
  pitch: 2.4994261
