socialspy: false
uuid: a3ad04ed-b4ba-3773-ab0e-fded5fb984e3
timestamps:
  login: 1436527742004
  logout: 1436527770023
ipAddress: 162.223.88.243
lastlocation:
  world: world
  x: 531.5
  y: 7.0
  z: 487.5
  yaw: 0.0
  pitch: 0.0
logoutlocation:
  world: world
  x: 526.5
  y: 8.0
  z: 493.5
  yaw: 5.46167
  pitch: 2.4994261
