socialspy: false
uuid: 2571b843-c889-3a20-b1e6-e51b7729eafa
timestamps:
  login: 1436527792685
ipAddress: 223.68.6.10
lastlocation:
  world: world
  x: 527.5
  y: 13.0
  z: 490.5
  yaw: 0.0
  pitch: 0.0
logoutlocation:
  world: world
  x: 526.5
  y: 8.0
  z: 493.5
  yaw: 5.46167
  pitch: 2.4994261
