socialspy: false
uuid: 0cbec6ac-0268-359d-96f3-329e241be4fa
timestamps:
  login: 1436510671059
ipAddress: 103.11.192.114
lastlocation:
  world: world
  x: 534.5
  y: 4.0
  z: 496.5
  yaw: 0.0
  pitch: 0.0
logoutlocation:
  world: world
  x: 526.5
  y: 8.0
  z: 493.5
  yaw: 5.46167
  pitch: 2.4994261
