socialspy: false
uuid: fb4b22b3-178a-389c-ade6-1744205368ac
timestamps:
  login: 1436946547529
  logout: 1436946629697
ipAddress: 37.187.129.166
lastlocation:
  world: world
  x: 520.5
  y: 3.0
  z: 493.5
  yaw: 0.0
  pitch: 0.0
logoutlocation:
  world: world
  x: 550.7628994072863
  y: 4.0
  z: 517.0032534193332
  yaw: 136.58917
  pitch: 19.828644
