socialspy: false
uuid: 7b2f1d61-07da-396a-b448-e307669635e8
timestamps:
  login: 1436473054942
  logout: 1436473067813
ipAddress: 2.14.16.204
lastlocation:
  world: world
  x: 528.5
  y: 13.0
  z: 495.5
  yaw: 0.0
  pitch: 0.0
logoutlocation:
  world: world
  x: 525.7264412418723
  y: 8.0
  z: 494.3886084002523
  yaw: 309.06183
  pitch: 14.949418
