socialspy: false
uuid: 2f5e5dbe-c0fd-3ed9-9eb5-bd0fbd4cc12c
timestamps:
  login: 1436480557431
  logout: 1436480575605
ipAddress: 222.175.59.218
lastlocation:
  world: world
  x: 526.5
  y: 13.0
  z: 496.5
  yaw: 0.0
  pitch: 0.0
logoutlocation:
  world: world
  x: 526.5
  y: 8.0
  z: 493.5
  yaw: 5.46167
  pitch: 2.4994261
