socialspy: false
uuid: c425c66d-212c-3084-b657-59e0e429b9d1
timestamps:
  login: 1436513007500
  logout: 1436513035422
ipAddress: 61.162.223.41
lastlocation:
  world: world
  x: 525.5
  y: 12.0
  z: 488.5
  yaw: 0.0
  pitch: 0.0
logoutlocation:
  world: world
  x: 526.5
  y: 8.0
  z: 493.5
  yaw: 5.46167
  pitch: 2.4994261
