socialspy: false
uuid: 8859c57b-48e1-34fa-9b58-a9237bf62b4e
timestamps:
  login: 1436527871841
  logout: 1436527872852
ipAddress: 202.53.254.99
lastlocation:
  world: world
  x: 535.5
  y: 4.0
  z: 483.5
  yaw: 0.0
  pitch: 0.0
logoutlocation:
  world: world
  x: 526.5
  y: 8.0
  z: 493.5
  yaw: 5.46167
  pitch: 2.4994261
