socialspy: false
uuid: 879d58f4-e8ad-3559-9edb-ffab43d4d446
timestamps:
  login: 1436512443679
  logout: 1436512446230
ipAddress: 187.111.0.174
lastlocation:
  world: world
  x: 534.5
  y: 4.0
  z: 489.5
  yaw: 0.0
  pitch: 0.0
logoutlocation:
  world: world
  x: 526.5
  y: 8.0
  z: 493.5
  yaw: 5.46167
  pitch: 2.4994261
