socialspy: false
uuid: 625fbb75-9f7f-3713-bf2f-d3d10b827dd4
timestamps:
  login: 1436510712444
  logout: 1436510740760
ipAddress: 162.223.88.243
lastlocation:
  world: world
  x: 530.5
  y: 8.0
  z: 489.5
  yaw: 0.0
  pitch: 0.0
logoutlocation:
  world: world
  x: 526.5
  y: 8.0
  z: 493.5
  yaw: 5.46167
  pitch: 2.4994261
