socialspy: false
uuid: 15ceff8e-5a54-3271-b127-f380da3e4c16
timestamps:
  login: 1436903307758
  logout: 1436903344436
ipAddress: 90.7.236.46
lastlocation:
  world: world
  x: 516.5
  y: 4.0
  z: 484.5
  yaw: 0.0
  pitch: 0.0
logoutlocation:
  world: world
  x: 533.3000000119209
  y: 5.0
  z: 504.1601647440671
  yaw: 69.2117
  pitch: 78.600006
