socialspy: false
uuid: 1a0ecd34-78a0-302d-87c2-6da19559d569
timestamps:
  login: 1436480534769
ipAddress: 222.175.59.218
lastlocation:
  world: world
  x: 533.5
  y: 6.0
  z: 486.5
  yaw: 0.0
  pitch: 0.0
logoutlocation:
  world: world
  x: 526.5
  y: 8.0
  z: 493.5
  yaw: 5.46167
  pitch: 2.4994261
