socialspy: false
uuid: 415eed4b-8e65-3776-8304-96df5a30d603
timestamps:
  login: 1436527906591
ipAddress: 212.25.61.158
lastlocation:
  world: world
  x: 519.5
  y: 5.0
  z: 495.5
  yaw: 0.0
  pitch: 0.0
logoutlocation:
  world: world
  x: 526.5
  y: 8.0
  z: 493.5
  yaw: 5.46167
  pitch: 2.4994261
