socialspy: false
uuid: 75716343-32b5-3676-8889-d58f218727c8
timestamps:
  login: 1436480637169
  logout: 1436480665904
ipAddress: 221.229.252.98
lastlocation:
  world: world
  x: 521.5
  y: 7.0
  z: 488.5
  yaw: 0.0
  pitch: 0.0
logoutlocation:
  world: world
  x: 526.5
  y: 8.0
  z: 493.5
  yaw: 5.46167
  pitch: 2.4994261
