socialspy: false
uuid: f7972025-da06-3d6f-8be3-9965d537d8f8
timestamps:
  login: 1436510538540
  logout: 1436510567169
ipAddress: 162.223.88.243
lastlocation:
  world: world
  x: 530.5
  y: 13.0
  z: 493.5
  yaw: 0.0
  pitch: 0.0
logoutlocation:
  world: world
  x: 526.5
  y: 8.0
  z: 493.5
  yaw: 5.46167
  pitch: 2.4994261
