socialspy: false
uuid: 5500d084-abcc-3cc7-b73b-db28a3c4cf21
timestamps:
  login: 1436513054155
  logout: 1436513055518
ipAddress: 222.124.149.178
lastlocation:
  world: world
  x: 530.5
  y: 4.0
  z: 484.5
  yaw: 0.0
  pitch: 0.0
logoutlocation:
  world: world
  x: 526.5
  y: 8.0
  z: 493.5
  yaw: 5.46167
  pitch: 2.4994261
