socialspy: false
uuid: 59fe7251-c369-3065-b6b5-06d7cbe932c7
timestamps:
  login: 1436511405803
  logout: 1436511407808
ipAddress: 85.201.112.114
lastlocation:
  world: world
  x: 528.5
  y: 7.0
  z: 498.5
  yaw: 0.0
  pitch: 0.0
logoutlocation:
  world: world
  x: 526.5
  y: 8.0
  z: 493.5
  yaw: 5.46167
  pitch: 2.4994261
