socialspy: false
uuid: ac65698e-09ac-3ee9-a0b4-23628d8684b4
timestamps:
  login: 1436512485738
  logout: 1436512488839
ipAddress: 222.175.59.218
lastlocation:
  world: world
  x: 520.5
  y: 6.0
  z: 501.5
  yaw: 0.0
  pitch: 0.0
logoutlocation:
  world: world
  x: 526.5
  y: 8.0
  z: 493.5
  yaw: 5.46167
  pitch: 2.4994261
