socialspy: false
uuid: 89a711d6-36b5-3f51-bef0-d2a005bd868a
timestamps:
  login: 1436510587594
ipAddress: 204.228.129.46
lastlocation:
  world: world
  x: 525.5
  y: 14.0
  z: 492.5
  yaw: 0.0
  pitch: 0.0
logoutlocation:
  world: world
  x: 526.5
  y: 8.0
  z: 493.5
  yaw: 5.46167
  pitch: 2.4994261
