socialspy: false
uuid: 3e49ba48-4f78-39e9-b146-28669ac0e472
timestamps:
  login: 1436527904880
  logout: 1436527933212
ipAddress: 223.68.6.10
lastlocation:
  world: world
  x: 522.5
  y: 8.0
  z: 497.5
  yaw: 0.0
  pitch: 0.0
logoutlocation:
  world: world
  x: 526.5
  y: 8.0
  z: 493.5
  yaw: 5.46167
  pitch: 2.4994261
