uuid: a7865053-f566-3ec0-9053-208e1b78b64a
timestamps:
  login: 1435838945539
  logout: 1435838375017
ipAddress: 82.233.185.70
lastlocation:
  world: world
  x: 530.5
  y: 7.0
  z: 487.5
  yaw: 0.0
  pitch: 0.0
logoutlocation:
  world: world
  x: 526.5
  y: 8.0
  z: 493.5
  yaw: 5.46167
  pitch: 2.4994261
