socialspy: false
uuid: 6df7cf19-d7b5-34fb-9995-ba7aea002158
timestamps:
  login: 1436527758365
  logout: 1436527787625
ipAddress: 61.19.42.244
lastlocation:
  world: world
  x: 523.5
  y: 4.0
  z: 483.5
  yaw: 0.0
  pitch: 0.0
logoutlocation:
  world: world
  x: 526.5
  y: 8.0
  z: 493.5
  yaw: 5.46167
  pitch: 2.4994261
