socialspy: false
uuid: 43d942a7-2939-3ed2-bc6d-70ea1603f4fd
timestamps:
  login: 1436512954031
ipAddress: 221.229.252.98
lastlocation:
  world: world
  x: 523.5
  y: 13.0
  z: 491.5
  yaw: 0.0
  pitch: 0.0
logoutlocation:
  world: world
  x: 526.5
  y: 8.0
  z: 493.5
  yaw: 5.46167
  pitch: 2.4994261
