socialspy: false
uuid: 304533cf-d4e8-3173-86b2-7cd8ca149930
timestamps:
  login: 1436180673433
  logout: 1436180687717
ipAddress: 90.32.142.117
lastlocation:
  world: world
  x: 524.5
  y: 4.0
  z: 500.5
  yaw: 0.0
  pitch: 0.0
logoutlocation:
  world: world
  x: 535.729476381813
  y: 4.0
  z: 506.32738013859563
  yaw: 281.52902
  pitch: 3.178742
