socialspy: false
uuid: dc4ba839-0b36-376c-a9b9-5535e92219e5
timestamps:
  login: 1436516943719
  logout: 1436516944923
ipAddress: 94.154.222.95
lastlocation:
  world: world
  x: 516.5
  y: 4.0
  z: 499.5
  yaw: 0.0
  pitch: 0.0
logoutlocation:
  world: world
  x: 526.5
  y: 8.0
  z: 493.5
  yaw: 5.46167
  pitch: 2.4994261
