socialspy: false
uuid: 5666aab7-008c-3d39-8f0f-580ca120f949
timestamps:
  login: 1436510992303
  logout: 1436510996355
ipAddress: 221.229.252.98
lastlocation:
  world: world
  x: 527.5
  y: 4.0
  z: 500.5
  yaw: 0.0
  pitch: 0.0
logoutlocation:
  world: world
  x: 526.5
  y: 8.0
  z: 493.5
  yaw: 5.46167
  pitch: 2.4994261
