socialspy: false
uuid: 1030452d-03cc-32a9-a40c-5681e16beba1
timestamps:
  login: 1436354194531
  logout: 1436354204390
ipAddress: 87.90.10.120
lastlocation:
  world: world
  x: 531.5
  y: 12.0
  z: 492.5
  yaw: 0.0
  pitch: 0.0
logoutlocation:
  world: world
  x: 526.5
  y: 8.0
  z: 493.5
  yaw: 5.46167
  pitch: 2.4994261
