socialspy: false
uuid: 17abc2df-61ff-3c64-a4b1-439aed5ef1f2
timestamps:
  login: 1436516960999
  logout: 1436516962450
ipAddress: 201.251.156.17
lastlocation:
  world: world
  x: 525.5
  y: 14.0
  z: 493.5
  yaw: 0.0
  pitch: 0.0
logoutlocation:
  world: world
  x: 526.5
  y: 8.0
  z: 493.5
  yaw: 5.46167
  pitch: 2.4994261
