socialspy: false
uuid: 016a4ca5-5195-39ab-8cf7-c2cd1f5eaacf
timestamps:
  login: 1436510989652
  logout: 1436511018908
ipAddress: 191.7.206.19
lastlocation:
  world: world
  x: 525.5
  y: 13.0
  z: 497.5
  yaw: 0.0
  pitch: 0.0
logoutlocation:
  world: world
  x: 526.5
  y: 8.0
  z: 493.5
  yaw: 5.46167
  pitch: 2.4994261
