uuid: aa9ed862-1cbf-36a5-a8f9-528eabe912f2
timestamps:
  login: 1435854102373
  logout: 1435854107178
ipAddress: 78.124.178.106
lastlocation:
  world: world
  x: 519.5
  y: 5.0
  z: 501.5
  yaw: 0.0
  pitch: 0.0
logoutlocation:
  world: world
  x: 526.5
  y: 8.0
  z: 493.5
  yaw: 5.46167
  pitch: 2.4994261
