socialspy: false
uuid: e753cb01-6345-3370-bd4e-27b2f74817b6
timestamps:
  login: 1436527754016
  logout: 1436527782594
ipAddress: 218.63.208.223
lastlocation:
  world: world
  x: 534.5
  y: 5.0
  z: 500.5
  yaw: 0.0
  pitch: 0.0
logoutlocation:
  world: world
  x: 526.5
  y: 8.0
  z: 493.5
  yaw: 5.46167
  pitch: 2.4994261
