socialspy: false
uuid: f772fd82-46e2-3d2d-b388-174ad1efef02
timestamps:
  login: 1436368940386
  logout: 1436368941742
ipAddress: 90.5.125.58
lastlocation:
  world: world
  x: 522.5
  y: 4.0
  z: 502.5
  yaw: 0.0
  pitch: 0.0
logoutlocation:
  world: world
  x: 529.2782117289755
  y: 8.0
  z: 497.6392981079386
  yaw: 186.27449
  pitch: 8.134288
