socialspy: false
uuid: 4d5e1ab8-57bc-37e2-800b-fbe0ee3a9ccb
timestamps:
  login: 1436905136417
  logout: 1436905164106
ipAddress: 82.232.198.53
lastlocation:
  world: world
  x: 529.5
  y: 4.0
  z: 483.5
  yaw: 0.0
  pitch: 0.0
logoutlocation:
  world: world
  x: 526.5
  y: 8.0
  z: 493.5
  yaw: 5.46167
  pitch: 2.4994261
