socialspy: false
uuid: a2bb1ff6-96b4-33ab-8766-aeda7301f5e9
timestamps:
  login: 1436513007051
  logout: 1436513007600
ipAddress: 223.68.6.10
lastlocation:
  world: world
  x: 527.5
  y: 7.0
  z: 486.5
  yaw: 0.0
  pitch: 0.0
logoutlocation:
  world: world
  x: 526.5
  y: 8.0
  z: 493.5
  yaw: 5.46167
  pitch: 2.4994261
