socialspy: false
uuid: 32bb17d1-b0aa-301a-bd80-19042384eae7
timestamps:
  login: 1436511003117
  logout: 1436511003867
ipAddress: 201.210.10.233
lastlocation:
  world: world
  x: 531.5
  y: 7.0
  z: 490.5
  yaw: 0.0
  pitch: 0.0
logoutlocation:
  world: world
  x: 526.5
  y: 8.0
  z: 493.5
  yaw: 5.46167
  pitch: 2.4994261
