socialspy: false
uuid: ac9034d4-843d-375f-b66f-93d2914fe909
timestamps:
  login: 1436511296071
  logout: 1436511324845
ipAddress: 221.229.252.98
lastlocation:
  world: world
  x: 524.5
  y: 12.0
  z: 497.5
  yaw: 0.0
  pitch: 0.0
logoutlocation:
  world: world
  x: 526.5
  y: 8.0
  z: 493.5
  yaw: 5.46167
  pitch: 2.4994261
