socialspy: false
uuid: 6ff94ec4-69fb-319d-9682-51cee818abb7
timestamps:
  login: 1436480502198
  logout: 1436480530326
ipAddress: 5.56.61.185
lastlocation:
  world: world
  x: 516.5
  y: 4.0
  z: 494.5
  yaw: 0.0
  pitch: 0.0
logoutlocation:
  world: world
  x: 526.5
  y: 8.0
  z: 493.5
  yaw: 5.46167
  pitch: 2.4994261
