socialspy: false
uuid: db052318-8594-314d-98bd-57a2ad150f8f
timestamps:
  login: 1436961926054
  logout: 1436961954059
ipAddress: 81.56.149.117
lastlocation:
  world: world
  x: 532.5
  y: 7.0
  z: 496.5
  yaw: 0.0
  pitch: 0.0
logoutlocation:
  world: world
  x: 526.5
  y: 8.0
  z: 493.5
  yaw: 5.46167
  pitch: 2.4994261
