socialspy: false
uuid: 59cbd3d3-0a8e-34ac-a127-71c2cd184c62
timestamps:
  login: 1436276552468
  logout: 1436276619863
ipAddress: 90.60.138.114
lastlocation:
  world: world
  x: 532.5
  y: 7.0
  z: 488.5
  yaw: 0.0
  pitch: 0.0
logoutlocation:
  world: world
  x: 536.9748527116213
  y: 6.0
  z: 510.67264408352014
  yaw: -263.78815
  pitch: 16.599428
