socialspy: false
uuid: b1abf200-b96c-3a2e-b008-c814f2213e96
timestamps:
  login: 1436512959087
ipAddress: 201.251.156.17
lastlocation:
  world: world
  x: 525.5
  y: 13.0
  z: 490.5
  yaw: 0.0
  pitch: 0.0
logoutlocation:
  world: world
  x: 526.5
  y: 8.0
  z: 493.5
  yaw: 5.46167
  pitch: 2.4994261
