socialspy: false
uuid: 95a39f11-af41-33d1-982e-52901b0c7899
timestamps:
  login: 1436513004543
  logout: 1436513032812
ipAddress: 85.202.7.27
lastlocation:
  world: world
  x: 534.5
  y: 4.0
  z: 489.5
  yaw: 0.0
  pitch: 0.0
logoutlocation:
  world: world
  x: 526.5
  y: 8.0
  z: 493.5
  yaw: 5.46167
  pitch: 2.4994261
