socialspy: false
uuid: 02ca9349-9893-3dbc-a29e-f77bed02edd2
timestamps:
  login: 1436512392955
  logout: 1436512393505
ipAddress: 201.221.132.22
lastlocation:
  world: world
  x: 532.5
  y: 5.0
  z: 491.5
  yaw: 0.0
  pitch: 0.0
logoutlocation:
  world: world
  x: 526.5
  y: 8.0
  z: 493.5
  yaw: 5.46167
  pitch: 2.4994261
