socialspy: false
uuid: 5d83a6ea-74aa-362a-a6e6-861e73e84fdb
timestamps:
  login: 1436527950028
  logout: 1436527951134
ipAddress: 202.53.254.99
lastlocation:
  world: world
  x: 532.5
  y: 5.0
  z: 495.5
  yaw: 0.0
  pitch: 0.0
logoutlocation:
  world: world
  x: 526.5
  y: 8.0
  z: 493.5
  yaw: 5.46167
  pitch: 2.4994261
