socialspy: false
uuid: 6193a014-5e50-31a7-8361-eb0b8539177e
timestamps:
  login: 1436510845374
  logout: 1436510845974
ipAddress: 115.124.75.149
lastlocation:
  world: world
  x: 529.5
  y: 7.0
  z: 498.5
  yaw: 0.0
  pitch: 0.0
logoutlocation:
  world: world
  x: 526.5
  y: 8.0
  z: 493.5
  yaw: 5.46167
  pitch: 2.4994261
