socialspy: false
uuid: c7cf4277-febb-309e-b29e-6032bdb0231b
timestamps:
  login: 1436901858619
  logout: 1436901948361
ipAddress: 85.203.88.98
lastlocation:
  world: world
  x: 528.5
  y: 13.0
  z: 493.5
  yaw: 0.0
  pitch: 0.0
logoutlocation:
  world: world
  x: 529.7673341027878
  y: 3.0
  z: 468.3664189414121
  yaw: -204.11847
  pitch: 23.520203
