socialspy: false
uuid: 93d4afda-4854-31a6-9b55-9ecafe16c7f3
timestamps:
  login: 1436510627468
  logout: 1436510655297
ipAddress: 60.251.11.27
lastlocation:
  world: world
  x: 524.5
  y: 4.0
  z: 502.5
  yaw: 0.0
  pitch: 0.0
logoutlocation:
  world: world
  x: 526.5
  y: 8.0
  z: 493.5
  yaw: 5.46167
  pitch: 2.4994261
