socialspy: false
uuid: 3ace89c1-a522-38c5-ad0d-8b0148871976
timestamps:
  login: 1436905121425
  logout: 1436905148931
ipAddress: 82.232.198.53
lastlocation:
  world: world
  x: 529.5
  y: 4.0
  z: 484.5
  yaw: 0.0
  pitch: 0.0
logoutlocation:
  world: world
  x: 526.5
  y: 8.0
  z: 493.5
  yaw: 5.46167
  pitch: 2.4994261
