socialspy: false
uuid: 46208676-be03-31cc-95ee-f9bd31df43f1
timestamps:
  login: 1436528021690
  logout: 1436528049893
ipAddress: 202.148.27.122
lastlocation:
  world: world
  x: 517.5
  y: 11.0
  z: 493.5
  yaw: 0.0
  pitch: 0.0
logoutlocation:
  world: world
  x: 526.5
  y: 8.0
  z: 493.5
  yaw: 5.46167
  pitch: 2.4994261
