socialspy: false
uuid: 3a5f3265-edab-3238-8252-8f569a12f069
timestamps:
  login: 1436510941422
  logout: 1436510971650
ipAddress: 5.56.61.185
lastlocation:
  world: world
  x: 520.5
  y: 6.0
  z: 486.5
  yaw: 0.0
  pitch: 0.0
logoutlocation:
  world: world
  x: 526.5
  y: 8.0
  z: 493.5
  yaw: 5.46167
  pitch: 2.4994261
