socialspy: false
uuid: 0bb01bb0-d465-317a-8cc8-fd316ac55ad3
timestamps:
  login: 1436517026993
  logout: 1436517027794
ipAddress: 201.221.132.22
lastlocation:
  world: world
  x: 535.5
  y: 4.0
  z: 497.5
  yaw: 0.0
  pitch: 0.0
logoutlocation:
  world: world
  x: 526.5
  y: 8.0
  z: 493.5
  yaw: 5.46167
  pitch: 2.4994261
