socialspy: false
uuid: c7549a47-e17b-36f1-b900-3fb7bc4cf04d
timestamps:
  login: 1436510652437
  logout: 1436510652794
ipAddress: 212.25.61.158
lastlocation:
  world: world
  x: 519.5
  y: 6.0
  z: 499.5
  yaw: 0.0
  pitch: 0.0
logoutlocation:
  world: world
  x: 526.5
  y: 8.0
  z: 493.5
  yaw: 5.46167
  pitch: 2.4994261
