socialspy: false
uuid: aa20f246-3deb-3834-9d6a-ac6b75961ff9
timestamps:
  login: 1436511394503
ipAddress: 186.116.8.170
lastlocation:
  world: world
  x: 523.5
  y: 13.0
  z: 496.5
  yaw: 0.0
  pitch: 0.0
logoutlocation:
  world: world
  x: 526.5
  y: 8.0
  z: 493.5
  yaw: 5.46167
  pitch: 2.4994261
