uuid: da992a22-805c-378a-97da-65a630f9031c
timestamps:
  login: 1435857913762
  logout: 1435857914859
ipAddress: 197.15.202.238
lastlocation:
  world: world
  x: 519.5
  y: 6.0
  z: 486.5
  yaw: 0.0
  pitch: 0.0
logoutlocation:
  world: world
  x: 526.5
  y: 8.0
  z: 493.5
  yaw: -0.23832995
  pitch: 2.9494264
