socialspy: false
uuid: a062fec7-095a-3556-9800-53062d82d60f
timestamps:
  login: 1436512505903
  logout: 1436512506403
ipAddress: 201.251.156.17
lastlocation:
  world: world
  x: 530.5
  y: 7.0
  z: 488.5
  yaw: 0.0
  pitch: 0.0
logoutlocation:
  world: world
  x: 526.5
  y: 8.0
  z: 493.5
  yaw: 5.46167
  pitch: 2.4994261
