socialspy: false
uuid: 75928c76-72cb-3d25-8630-eafff021b450
timestamps:
  login: 1436517034649
  logout: 1436517035299
ipAddress: 186.116.8.170
lastlocation:
  world: world
  x: 533.5
  y: 4.0
  z: 490.5
  yaw: 0.0
  pitch: 0.0
logoutlocation:
  world: world
  x: 526.5
  y: 8.0
  z: 493.5
  yaw: 5.46167
  pitch: 2.4994261
