socialspy: false
uuid: c597bd51-8541-38d6-a741-0e9f3fbf671f
timestamps:
  login: 1436480438059
ipAddress: 77.50.220.91
lastlocation:
  world: world
  x: 517.5
  y: 4.0
  z: 491.5
  yaw: 0.0
  pitch: 0.0
logoutlocation:
  world: world
  x: 526.5
  y: 8.0
  z: 493.5
  yaw: 5.46167
  pitch: 2.4994261
