socialspy: false
uuid: 29ff0a1f-e266-3835-93ed-98a8895e4811
timestamps:
  login: 1436510814991
  logout: 1436510815890
ipAddress: 186.116.8.170
lastlocation:
  world: world
  x: 518.5
  y: 5.0
  z: 501.5
  yaw: 0.0
  pitch: 0.0
logoutlocation:
  world: world
  x: 526.5
  y: 8.0
  z: 493.5
  yaw: 5.46167
  pitch: 2.4994261
