socialspy: false
uuid: 7d7ec4c6-736d-3ffc-a4e8-a122ce316029
timestamps:
  login: 1436517076004
  logout: 1436517077999
ipAddress: 80.79.241.30
lastlocation:
  world: world
  x: 517.5
  y: 4.0
  z: 498.5
  yaw: 0.0
  pitch: 0.0
logoutlocation:
  world: world
  x: 526.5
  y: 8.0
  z: 493.5
  yaw: 5.46167
  pitch: 2.4994261
