socialspy: false
uuid: 43dd6af7-6c43-3427-962e-f4ac473e3b7b
timestamps:
  login: 1436512537410
  logout: 1436512539210
ipAddress: 197.210.255.150
lastlocation:
  world: world
  x: 528.5
  y: 7.0
  z: 488.5
  yaw: 0.0
  pitch: 0.0
logoutlocation:
  world: world
  x: 526.5
  y: 8.0
  z: 493.5
  yaw: 5.46167
  pitch: 2.4994261
