socialspy: false
uuid: 49cc3aa2-5cce-3557-b891-c820956b1947
timestamps:
  login: 1436480515203
  logout: 1436480535369
ipAddress: 223.68.6.10
lastlocation:
  world: world
  x: 526.5
  y: 4.0
  z: 500.5
  yaw: 0.0
  pitch: 0.0
logoutlocation:
  world: world
  x: 526.5
  y: 8.0
  z: 493.5
  yaw: 5.46167
  pitch: 2.4994261
