socialspy: false
uuid: 80d105ee-557c-3179-bb2d-a31a16edbc05
timestamps:
  login: 1436276551228
  logout: 1436276624870
ipAddress: 88.171.208.247
lastlocation:
  world: world
  x: 527.5
  y: 4.0
  z: 501.5
  yaw: 0.0
  pitch: 0.0
logoutlocation:
  world: world
  x: 528.9832075640572
  y: 10.0
  z: 514.0418345758912
  yaw: -294.6396
  pitch: 75.21479
