socialspy: false
uuid: 3fb62cd0-174d-36e3-b750-39c60a6596cc
timestamps:
  login: 1436480633564
ipAddress: 186.116.8.170
lastlocation:
  world: world
  x: 532.5
  y: 7.0
  z: 487.5
  yaw: 0.0
  pitch: 0.0
logoutlocation:
  world: world
  x: 526.5
  y: 8.0
  z: 493.5
  yaw: 5.46167
  pitch: 2.4994261
