socialspy: false
uuid: 5c59e88c-14bf-3f0d-8129-9d88c0ee55cc
timestamps:
  login: 1436436179658
  logout: 1436436182251
ipAddress: 78.126.15.26
lastlocation:
  world: world
  x: 534.5
  y: 5.0
  z: 500.5
  yaw: 0.0
  pitch: 0.0
logoutlocation:
  world: world
  x: 526.5
  y: 8.0
  z: 493.5
  yaw: 5.46167
  pitch: 2.4994261
