socialspy: false
uuid: 1a597683-354b-3745-8434-46682ab3c7f3
timestamps:
  login: 1436270329804
  logout: 1436270446851
ipAddress: 109.102.94.31
lastlocation:
  world: world
  x: 527.5
  y: 12.0
  z: 498.5
  yaw: 0.0
  pitch: 0.0
logoutlocation:
  world: world
  x: 548.8095050672548
  y: 4.0
  z: 519.6866230272675
  yaw: -12.988352
  pitch: 13.650002
