socialspy: false
uuid: 327c666a-178b-3dbf-a923-29a4087e06fe
timestamps:
  login: 1436288626671
  logout: 1436288628787
ipAddress: 90.26.167.193
lastlocation:
  world: world
  x: 535.5
  y: 4.0
  z: 490.5
  yaw: 0.0
  pitch: 0.0
logoutlocation:
  world: world
  x: 526.5
  y: 8.0
  z: 493.5
  yaw: 5.46167
  pitch: 2.4994261
