socialspy: false
uuid: 3f93a269-0ec3-3b70-a855-67d7a8ab1cad
timestamps:
  login: 1436376423663
  logout: 1436376428782
ipAddress: 41.213.215.61
lastlocation:
  world: world
  x: 518.5
  y: 4.0
  z: 483.5
  yaw: 0.0
  pitch: 0.0
logoutlocation:
  world: world
  x: 526.5
  y: 8.0
  z: 493.5
  yaw: 5.9116697
  pitch: 4.899426
