socialspy: false
uuid: 05d06c7e-29da-31d5-b7cf-81c80fe84b1e
timestamps:
  login: 1436560771135
  logout: 1436560778741
ipAddress: 41.213.215.61
lastlocation:
  world: world
  x: 487.33966954406173
  y: 4.0
  z: 736.3296702862491
  yaw: -300.88095
  pitch: 45.599995
logoutlocation:
  world: world
  x: 521.2562376180944
  y: 7.0
  z: 488.350427013468
  yaw: 283.11176
  pitch: 71.24999
