socialspy: false
uuid: 0f4b717f-ea68-346e-ac8e-c32086bcb9e9
timestamps:
  login: 1436510813639
  logout: 1436510843473
ipAddress: 79.140.16.146
lastlocation:
  world: world
  x: 524.5
  y: 4.0
  z: 500.5
  yaw: 0.0
  pitch: 0.0
logoutlocation:
  world: world
  x: 526.5
  y: 8.0
  z: 493.5
  yaw: 5.46167
  pitch: 2.4994261
