socialspy: false
uuid: 6d07d67e-6c24-3046-b8f1-efaad4965997
timestamps:
  login: 1436033332006
  logout: 1436033347765
ipAddress: 109.208.49.117
lastlocation:
  world: world
  x: 519.5
  y: 6.0
  z: 488.5
  yaw: 0.0
  pitch: 0.0
logoutlocation:
  world: world
  x: 525.6377825597712
  y: 8.0
  z: 494.99055356440834
  yaw: -203.03827
  pitch: 12.999427
