socialspy: false
uuid: 20b4ed92-4b20-3b84-8a02-926d4f8f7150
timestamps:
  login: 1436510555609
ipAddress: 191.7.206.19
lastlocation:
  world: world
  x: 522.5
  y: 12.0
  z: 495.5
  yaw: 0.0
  pitch: 0.0
logoutlocation:
  world: world
  x: 526.5
  y: 8.0
  z: 493.5
  yaw: 5.46167
  pitch: 2.4994261
