socialspy: false
uuid: e15682e6-c7cf-39a7-8bc2-439ee5668799
timestamps:
  login: 1436958275263
  logout: 1436958304978
ipAddress: 81.220.100.121
lastlocation:
  world: world
  x: 532.5
  y: 5.0
  z: 495.5
  yaw: 0.0
  pitch: 0.0
logoutlocation:
  world: world
  x: 526.5
  y: 8.0
  z: 493.5
  yaw: 5.46167
  pitch: 2.4994261
