socialspy: false
uuid: 9dfb6a60-6b6d-392b-9ac6-14d7e373dcaf
timestamps:
  login: 1436511060713
ipAddress: 24.172.34.114
lastlocation:
  world: world
  x: 529.5
  y: 7.0
  z: 499.5
  yaw: 0.0
  pitch: 0.0
logoutlocation:
  world: world
  x: 526.5
  y: 8.0
  z: 493.5
  yaw: 5.46167
  pitch: 2.4994261
