socialspy: false
uuid: b4ed1d7b-2073-3f66-a6ce-200de3afd00f
timestamps:
  login: 1436309853015
  logout: 1436309868777
ipAddress: 70.81.211.101
lastlocation:
  world: world
  x: 520.5
  y: 3.0
  z: 493.5
  yaw: 0.0
  pitch: 0.0
logoutlocation:
  world: world
  x: 527.749612321993
  y: 8.0
  z: 496.69999998807907
  yaw: -104.04587
  pitch: 30.568153
