socialspy: false
uuid: e2864da0-252e-3bbb-a751-b4f611588d1e
timestamps:
  login: 1436901137865
  logout: 1436901167984
ipAddress: 78.243.52.173
lastlocation:
  world: world
  x: 523.5
  y: 13.0
  z: 496.5
  yaw: 0.0
  pitch: 0.0
logoutlocation:
  world: world
  x: 529.0954846381964
  y: 8.0
  z: 496.22447898459757
  yaw: -63.965576
  pitch: 12.329825
