socialspy: false
uuid: d8b2bf14-2a8b-3629-a47e-6dbbfadae14e
timestamps:
  login: 1436517062680
  logout: 1436517083013
ipAddress: 60.251.11.27
lastlocation:
  world: world
  x: 530.5
  y: 4.0
  z: 485.5
  yaw: 0.0
  pitch: 0.0
logoutlocation:
  world: world
  x: 526.5
  y: 8.0
  z: 493.5
  yaw: 5.46167
  pitch: 2.4994261
