socialspy: false
uuid: 5e15d765-7388-3304-8b68-b7fd86ddc423
timestamps:
  login: 1436510689810
  logout: 1436510718005
ipAddress: 212.25.61.158
lastlocation:
  world: world
  x: 533.5
  y: 5.0
  z: 484.5
  yaw: 0.0
  pitch: 0.0
logoutlocation:
  world: world
  x: 526.5
  y: 8.0
  z: 493.5
  yaw: 5.46167
  pitch: 2.4994261
