socialspy: false
uuid: 18b8eb88-1bd3-3a76-9359-e07cec3e7210
timestamps:
  login: 1436512956083
ipAddress: 176.194.189.56
lastlocation:
  world: world
  x: 525.5
  y: 7.0
  z: 485.5
  yaw: 0.0
  pitch: 0.0
logoutlocation:
  world: world
  x: 526.5
  y: 8.0
  z: 493.5
  yaw: 5.46167
  pitch: 2.4994261
