socialspy: false
uuid: dbc7f643-b690-33f3-82cf-beee33133a9c
timestamps:
  login: 1436480645377
  logout: 1436480665904
ipAddress: 124.115.211.30
lastlocation:
  world: world
  x: 535.5
  y: 4.0
  z: 490.5
  yaw: 0.0
  pitch: 0.0
logoutlocation:
  world: world
  x: 526.5
  y: 8.0
  z: 493.5
  yaw: 5.46167
  pitch: 2.4994261
