socialspy: false
uuid: 35ddd32a-81c5-3546-9e32-cfde418497ee
timestamps:
  login: 1436527981876
ipAddress: 222.88.242.213
lastlocation:
  world: world
  x: 533.5
  y: 4.0
  z: 494.5
  yaw: 0.0
  pitch: 0.0
logoutlocation:
  world: world
  x: 526.5
  y: 8.0
  z: 493.5
  yaw: 5.46167
  pitch: 2.4994261
