socialspy: false
uuid: b74d5753-8350-3357-85ed-0696fafeb9d3
timestamps:
  login: 1436510599552
  logout: 1436510599701
ipAddress: 121.15.230.126
lastlocation:
  world: world
  x: 518.5
  y: 6.0
  z: 487.5
  yaw: 0.0
  pitch: 0.0
logoutlocation:
  world: world
  x: 526.5
  y: 8.0
  z: 493.5
  yaw: 5.46167
  pitch: 2.4994261
