socialspy: false
uuid: 7076cd54-99ce-3efa-917d-27b309c18a9d
timestamps:
  login: 1436517052015
  logout: 1436517052915
ipAddress: 187.111.0.174
lastlocation:
  world: world
  x: 523.5
  y: 4.0
  z: 500.5
  yaw: 0.0
  pitch: 0.0
logoutlocation:
  world: world
  x: 526.5
  y: 8.0
  z: 493.5
  yaw: 5.46167
  pitch: 2.4994261
