socialspy: false
uuid: 808bb760-c009-3022-a6db-806f3e686517
timestamps:
  login: 1436527945145
  logout: 1436527973758
ipAddress: 186.101.82.74
lastlocation:
  world: world
  x: 527.5
  y: 13.0
  z: 497.5
  yaw: 0.0
  pitch: 0.0
logoutlocation:
  world: world
  x: 526.5
  y: 8.0
  z: 493.5
  yaw: 5.46167
  pitch: 2.4994261
