socialspy: false
uuid: 20f64faa-d96b-3067-9938-c546462698aa
timestamps:
  login: 1436517001980
  logout: 1436517030295
ipAddress: 61.162.223.41
lastlocation:
  world: world
  x: 525.5
  y: 14.0
  z: 492.5
  yaw: 0.0
  pitch: 0.0
logoutlocation:
  world: world
  x: 526.5
  y: 8.0
  z: 493.5
  yaw: 5.46167
  pitch: 2.4994261
