socialspy: false
uuid: 2fad9aaf-b576-32bd-8585-54a5835cf177
timestamps:
  login: 1436512985006
  logout: 1436513012622
ipAddress: 162.223.88.243
lastlocation:
  world: world
  x: 518.5
  y: 6.0
  z: 488.5
  yaw: 0.0
  pitch: 0.0
logoutlocation:
  world: world
  x: 526.5
  y: 8.0
  z: 493.5
  yaw: 5.46167
  pitch: 2.4994261
