socialspy: false
uuid: e16cf699-f780-35cf-bdbc-8702521c4a93
timestamps:
  login: 1436510941676
  logout: 1436510971650
ipAddress: 222.88.242.213
lastlocation:
  world: world
  x: 527.5
  y: 13.0
  z: 496.5
  yaw: 0.0
  pitch: 0.0
logoutlocation:
  world: world
  x: 526.5
  y: 8.0
  z: 493.5
  yaw: 5.46167
  pitch: 2.4994261
