socialspy: false
uuid: 3b2dcfe4-b9bc-3e90-91f6-0114557f29da
timestamps:
  login: 1437045864587
ipAddress: 88.160.206.223
lastlocation:
  world: world
  x: 531.5
  y: 7.0
  z: 489.5
  yaw: 0.0
  pitch: 0.0
logoutlocation:
  world: world
  x: 526.5
  y: 3.0
  z: 493.5
  yaw: 5.46167
  pitch: 2.4994261
