socialspy: false
uuid: 551dd0fd-f25e-3199-8165-b6cd2cea11b6
timestamps:
  login: 1436260211210
  logout: 1436260259121
ipAddress: 86.200.237.174
lastlocation:
  world: world
  x: 516.5
  y: 4.0
  z: 498.5
  yaw: 0.0
  pitch: 0.0
logoutlocation:
  world: world
  x: 525.1022051885161
  y: 4.0
  z: 476.35186947877287
  yaw: 25.86319
  pitch: 4.799979
