socialspy: false
uuid: 3523d821-38f3-31f1-9980-95b632c825ec
timestamps:
  login: 1436512477294
  logout: 1436512478814
ipAddress: 162.223.88.243
lastlocation:
  world: world
  x: 529.5
  y: 4.0
  z: 484.5
  yaw: 0.0
  pitch: 0.0
logoutlocation:
  world: world
  x: 526.5
  y: 8.0
  z: 493.5
  yaw: 5.46167
  pitch: 2.4994261
