socialspy: false
uuid: 9c205dd4-b6c7-3476-95a3-11816c2fc666
timestamps:
  login: 1436511132274
  logout: 1436511134297
ipAddress: 118.97.32.226
lastlocation:
  world: world
  x: 526.5
  y: 13.0
  z: 489.5
  yaw: 0.0
  pitch: 0.0
logoutlocation:
  world: world
  x: 526.5
  y: 8.0
  z: 493.5
  yaw: 5.46167
  pitch: 2.4994261
