socialspy: false
uuid: 3ab3a745-7d74-36bd-80fd-1d575c06a282
timestamps:
  login: 1436511304529
  logout: 1436511312341
ipAddress: 201.221.132.22
lastlocation:
  world: world
  x: 529.5
  y: 8.0
  z: 497.5
  yaw: 0.0
  pitch: 0.0
logoutlocation:
  world: world
  x: 526.5
  y: 8.0
  z: 493.5
  yaw: 5.46167
  pitch: 2.4994261
