socialspy: false
uuid: ae665657-a9c4-31dd-8fa9-5fbb02fa880f
timestamps:
  login: 1436510964830
ipAddress: 212.25.61.158
lastlocation:
  world: world
  x: 524.5
  y: 13.0
  z: 492.5
  yaw: 0.0
  pitch: 0.0
logoutlocation:
  world: world
  x: 526.5
  y: 8.0
  z: 493.5
  yaw: 5.46167
  pitch: 2.4994261
