socialspy: false
uuid: 261f1228-0e6f-3940-9fda-06f98de271ec
timestamps:
  login: 1436511192042
ipAddress: 91.106.34.18
lastlocation:
  world: world
  x: 523.5
  y: 7.0
  z: 499.5
  yaw: 0.0
  pitch: 0.0
logoutlocation:
  world: world
  x: 526.5
  y: 8.0
  z: 493.5
  yaw: 5.46167
  pitch: 2.4994261
