socialspy: false
uuid: f7f62951-4b97-3910-b3a0-e5a90613b1f5
timestamps:
  login: 1436528073466
  logout: 1436528075122
ipAddress: 183.224.1.29
lastlocation:
  world: world
  x: 523.5
  y: 4.0
  z: 484.5
  yaw: 0.0
  pitch: 0.0
logoutlocation:
  world: world
  x: 526.5
  y: 8.0
  z: 493.5
  yaw: 5.46167
  pitch: 2.4994261
