socialspy: false
uuid: 2363f861-8080-35fd-bc2a-ac1534dde66f
timestamps:
  login: 1436510553496
ipAddress: 123.30.188.46
lastlocation:
  world: world
  x: 534.5
  y: 5.0
  z: 484.5
  yaw: 0.0
  pitch: 0.0
logoutlocation:
  world: world
  x: 526.5
  y: 8.0
  z: 493.5
  yaw: 5.46167
  pitch: 2.4994261
