socialspy: false
uuid: 4951cac8-0c12-38cf-95d9-eb4070e8a6fc
timestamps:
  login: 1436512983056
  logout: 1436513012622
ipAddress: 222.175.59.218
lastlocation:
  world: world
  x: 531.5
  y: 7.0
  z: 490.5
  yaw: 0.0
  pitch: 0.0
logoutlocation:
  world: world
  x: 526.5
  y: 8.0
  z: 493.5
  yaw: 5.46167
  pitch: 2.4994261
