socialspy: false
uuid: ed5c9fc1-8286-3ab6-b2ee-4d605b932350
timestamps:
  login: 1436511350821
  logout: 1436511352485
ipAddress: 223.68.6.10
lastlocation:
  world: world
  x: 520.5
  y: 7.0
  z: 490.5
  yaw: 0.0
  pitch: 0.0
logoutlocation:
  world: world
  x: 526.5
  y: 8.0
  z: 493.5
  yaw: 5.46167
  pitch: 2.4994261
