socialspy: false
uuid: 069b254f-b63a-3d64-bdc1-282c028abce8
timestamps:
  login: 1436194685762
  logout: 1436194708262
ipAddress: 90.1.127.226
lastlocation:
  world: world
  x: 523.5
  y: 13.0
  z: 494.5
  yaw: 0.0
  pitch: 0.0
logoutlocation:
  world: world
  x: 526.5
  y: 8.0
  z: 493.5
  yaw: 5.46167
  pitch: 2.4994261
