socialspy: false
uuid: 0e2b1cf2-ba23-3b85-8b37-8611a4485c24
timestamps:
  login: 1436510539342
  logout: 1436510539594
ipAddress: 223.68.6.10
lastlocation:
  world: world
  x: 535.5
  y: 4.0
  z: 496.5
  yaw: 0.0
  pitch: 0.0
logoutlocation:
  world: world
  x: 526.5
  y: 8.0
  z: 493.5
  yaw: 5.46167
  pitch: 2.4994261
