socialspy: false
uuid: 6a4a6f6e-5c29-3c2b-b896-c5587ab35871
timestamps:
  login: 1436284016406
  logout: 1436284025586
ipAddress: 79.94.155.157
lastlocation:
  world: world
  x: 524.5
  y: 13.0
  z: 493.5
  yaw: 0.0
  pitch: 0.0
logoutlocation:
  world: world
  x: 554.3980314291958
  y: 4.421599998474121
  z: 513.9763865208231
  yaw: -85.36007
  pitch: 22.149523
