socialspy: false
uuid: 1ba490dd-079a-3d80-8922-96b1c0a1a4d2
timestamps:
  login: 1436527797743
  logout: 1436527827759
ipAddress: 113.108.141.98
lastlocation:
  world: world
  x: 525.5
  y: 12.0
  z: 488.5
  yaw: 0.0
  pitch: 0.0
logoutlocation:
  world: world
  x: 526.5
  y: 8.0
  z: 493.5
  yaw: 5.46167
  pitch: 2.4994261
