socialspy: false
uuid: f861bba3-2425-3c79-ae56-9b367f673426
timestamps:
  login: 1436510908765
ipAddress: 221.229.252.98
lastlocation:
  world: world
  x: 534.5
  y: 4.0
  z: 489.5
  yaw: 0.0
  pitch: 0.0
logoutlocation:
  world: world
  x: 526.5
  y: 8.0
  z: 493.5
  yaw: 5.46167
  pitch: 2.4994261
