socialspy: false
uuid: 22eaeaa1-52d6-3f50-b541-9d78b3f87c0c
timestamps:
  login: 1436480464261
  logout: 1436480482325
ipAddress: 216.171.205.9
lastlocation:
  world: world
  x: 525.5
  y: 12.0
  z: 488.5
  yaw: 0.0
  pitch: 0.0
logoutlocation:
  world: world
  x: 526.5
  y: 8.0
  z: 493.5
  yaw: 5.46167
  pitch: 2.4994261
