socialspy: false
uuid: f5e9ce28-9a74-38b8-9e8f-569025f08c66
timestamps:
  login: 1436510672259
  logout: 1436510700485
ipAddress: 223.68.6.10
lastlocation:
  world: world
  x: 522.5
  y: 8.0
  z: 497.5
  yaw: 0.0
  pitch: 0.0
logoutlocation:
  world: world
  x: 526.5
  y: 8.0
  z: 493.5
  yaw: 5.46167
  pitch: 2.4994261
