socialspy: false
uuid: d9c011f8-8b00-37bd-af99-ffa7e682c782
timestamps:
  login: 1436510991653
  logout: 1436511021417
ipAddress: 202.159.6.98
lastlocation:
  world: world
  x: 529.5
  y: 13.0
  z: 493.5
  yaw: 0.0
  pitch: 0.0
logoutlocation:
  world: world
  x: 526.5
  y: 8.0
  z: 493.5
  yaw: 5.46167
  pitch: 2.4994261
