socialspy: false
uuid: 54c440d4-2df5-3709-9cd2-b0579ea1fc13
timestamps:
  login: 1436517027245
  logout: 1436517027794
ipAddress: 202.77.119.114
lastlocation:
  world: world
  x: 529.5
  y: 4.0
  z: 500.5
  yaw: 0.0
  pitch: 0.0
logoutlocation:
  world: world
  x: 526.5
  y: 8.0
  z: 493.5
  yaw: 5.46167
  pitch: 2.4994261
