socialspy: false
uuid: d91a065c-7544-39b2-af54-c7e88dcd29f8
timestamps:
  login: 1436513049966
  logout: 1436513050494
ipAddress: 216.171.205.9
lastlocation:
  world: world
  x: 527.5
  y: 5.0
  z: 487.5
  yaw: 0.0
  pitch: 0.0
logoutlocation:
  world: world
  x: 526.5
  y: 8.0
  z: 493.5
  yaw: 5.46167
  pitch: 2.4994261
