socialspy: false
uuid: 97376c8c-caac-316b-bef1-ac59215ca176
timestamps:
  login: 1436517009393
  logout: 1436517010143
ipAddress: 202.77.119.114
lastlocation:
  world: world
  x: 517.5
  y: 4.0
  z: 483.5
  yaw: 0.0
  pitch: 0.0
logoutlocation:
  world: world
  x: 526.5
  y: 8.0
  z: 493.5
  yaw: 5.46167
  pitch: 2.4994261
