socialspy: false
uuid: 2e80c70a-21da-3745-95fb-0bd5cb15b426
timestamps:
  login: 1436358243379
  logout: 1436358257242
ipAddress: 86.201.55.193
lastlocation:
  world: world
  x: 534.5
  y: 6.0
  z: 498.5
  yaw: 0.0
  pitch: 0.0
logoutlocation:
  world: world
  x: 526.5
  y: 8.0
  z: 493.5
  yaw: 5.628619
  pitch: 1.4142549
