socialspy: false
uuid: 43aefc51-7479-3ee9-9512-25fb2e816020
timestamps:
  login: 1436512417798
  logout: 1436512451252
ipAddress: 60.251.11.27
lastlocation:
  world: world
  x: 525.5
  y: 12.0
  z: 488.5
  yaw: 0.0
  pitch: 0.0
logoutlocation:
  world: world
  x: 526.5
  y: 8.0
  z: 493.5
  yaw: 5.46167
  pitch: 2.4994261
