socialspy: false
uuid: 2630f2de-1141-377a-91a7-ba697901a3a4
timestamps:
  login: 1436527881764
  logout: 1436527910636
ipAddress: 202.148.27.122
lastlocation:
  world: world
  x: 527.5
  y: 12.0
  z: 498.5
  yaw: 0.0
  pitch: 0.0
logoutlocation:
  world: world
  x: 526.5
  y: 8.0
  z: 493.5
  yaw: 5.46167
  pitch: 2.4994261
