socialspy: false
uuid: f5085dc4-bd43-3800-9bb6-750ac197a67a
timestamps:
  login: 1436513052102
  logout: 1436513063083
ipAddress: 118.97.32.226
lastlocation:
  world: world
  x: 520.5
  y: 7.0
  z: 496.5
  yaw: 0.0
  pitch: 0.0
logoutlocation:
  world: world
  x: 526.5
  y: 8.0
  z: 493.5
  yaw: 5.46167
  pitch: 2.4994261
