socialspy: false
uuid: f0431596-88c1-39f3-b977-52c6396bf08a
timestamps:
  login: 1436527751663
  logout: 1436527762491
ipAddress: 60.251.11.27
lastlocation:
  world: world
  x: 520.5
  y: 7.0
  z: 488.5
  yaw: 0.0
  pitch: 0.0
logoutlocation:
  world: world
  x: 526.5
  y: 8.0
  z: 493.5
  yaw: 5.46167
  pitch: 2.4994261
