uuid: 7a074760-3926-3886-ab71-3e29526cc35d
timestamps:
  login: 1436190887523
  logout: 1436190913532
ipAddress: 82.238.12.136
lastlocation:
  world: world
  x: 526.5
  y: 13.0
  z: 497.5
  yaw: 0.0
  pitch: 0.0
logoutlocation:
  world: world
  x: 490.19064260006894
  y: 4.0
  z: 515.9521729085928
  yaw: 24.061829
  pitch: 31.349981
socialspy: false
