uuid: cc95fc11-1ab4-3ed9-b11f-af51515d5d11
timestamps:
  login: 1435828003520
  logout: 1435828007270
ipAddress: 78.193.58.229
lastlocation:
  world: world
  x: 523.5
  y: 4.0
  z: 501.5
  yaw: 0.0
  pitch: 0.0
logoutlocation:
  world: world
  x: 523.6864882924569
  y: 8.0
  z: 495.75785259134557
  yaw: 38.39648
  pitch: 21.552624
