socialspy: false
uuid: d3b191b3-4bab-3029-b694-c8566f63039e
timestamps:
  login: 1436510765486
  logout: 1436510765836
ipAddress: 177.107.97.246
lastlocation:
  world: world
  x: 517.5
  y: 11.0
  z: 493.5
  yaw: 0.0
  pitch: 0.0
logoutlocation:
  world: world
  x: 526.5
  y: 8.0
  z: 493.5
  yaw: 5.46167
  pitch: 2.4994261
