socialspy: false
uuid: e87c13b8-4254-32df-b6ec-8b56fe9796dc
timestamps:
  login: 1436480545609
  logout: 1436480547947
ipAddress: 163.177.79.5
lastlocation:
  world: world
  x: 518.5
  y: 4.0
  z: 492.5
  yaw: 0.0
  pitch: 0.0
logoutlocation:
  world: world
  x: 526.5
  y: 8.0
  z: 493.5
  yaw: 5.46167
  pitch: 2.4994261
