socialspy: false
uuid: c85b2889-f090-307c-8d64-5694623b9181
timestamps:
  login: 1436527886975
  logout: 1436527888402
ipAddress: 222.124.149.178
lastlocation:
  world: world
  x: 519.5
  y: 5.0
  z: 493.5
  yaw: 0.0
  pitch: 0.0
logoutlocation:
  world: world
  x: 526.5
  y: 8.0
  z: 493.5
  yaw: 5.46167
  pitch: 2.4994261
