socialspy: false
uuid: 0b6f4c01-8124-394f-9b99-af149ea7a1ec
timestamps:
  login: 1436510909171
  logout: 1436510911440
ipAddress: 123.52.130.52
lastlocation:
  world: world
  x: 526.5
  y: 3.0
  z: 488.5
  yaw: 0.0
  pitch: 0.0
logoutlocation:
  world: world
  x: 526.5
  y: 8.0
  z: 493.5
  yaw: 5.46167
  pitch: 2.4994261
