socialspy: false
uuid: 868bf2e5-78cf-30a8-8f85-afadfbe40388
timestamps:
  login: 1436512980569
ipAddress: 221.229.252.98
lastlocation:
  world: world
  x: 532.5
  y: 4.0
  z: 483.5
  yaw: 0.0
  pitch: 0.0
logoutlocation:
  world: world
  x: 526.5
  y: 8.0
  z: 493.5
  yaw: 5.46167
  pitch: 2.4994261
