socialspy: false
uuid: 184a9740-e699-3309-82d8-e05be4d16994
timestamps:
  login: 1436527894864
  logout: 1436527923153
ipAddress: 162.223.88.243
lastlocation:
  world: world
  x: 519.5
  y: 6.0
  z: 498.5
  yaw: 0.0
  pitch: 0.0
logoutlocation:
  world: world
  x: 526.5
  y: 8.0
  z: 493.5
  yaw: 5.46167
  pitch: 2.4994261
