socialspy: false
uuid: 2a16ceaa-0705-3e13-8307-f3b32a70a557
timestamps:
  login: 1436517026392
  logout: 1436517027794
ipAddress: 223.68.6.10
lastlocation:
  world: world
  x: 529.5
  y: 4.0
  z: 502.5
  yaw: 0.0
  pitch: 0.0
logoutlocation:
  world: world
  x: 526.5
  y: 8.0
  z: 493.5
  yaw: 5.46167
  pitch: 2.4994261
