socialspy: false
uuid: a4ace569-3aad-3820-bd0b-038b051d23b9
timestamps:
  login: 1436510596848
  logout: 1436510597198
ipAddress: 162.223.88.243
lastlocation:
  world: world
  x: 529.5
  y: 13.0
  z: 492.5
  yaw: 0.0
  pitch: 0.0
logoutlocation:
  world: world
  x: 526.5
  y: 8.0
  z: 493.5
  yaw: 5.46167
  pitch: 2.4994261
