socialspy: false
uuid: fc0a3b5a-a536-3c67-baed-7304a1aa215a
timestamps:
  login: 1436510590645
ipAddress: 181.211.191.227
lastlocation:
  world: world
  x: 525.5
  y: 12.0
  z: 498.5
  yaw: 0.0
  pitch: 0.0
logoutlocation:
  world: world
  x: 526.5
  y: 8.0
  z: 493.5
  yaw: 5.46167
  pitch: 2.4994261
