socialspy: false
uuid: 36c0596b-81ea-3304-a026-f3686ba508ba
timestamps:
  login: 1436510618084
  logout: 1436510619959
ipAddress: 221.229.252.98
lastlocation:
  world: world
  x: 535.5
  y: 5.0
  z: 485.5
  yaw: 0.0
  pitch: 0.0
logoutlocation:
  world: world
  x: 526.5
  y: 8.0
  z: 493.5
  yaw: 5.46167
  pitch: 2.4994261
