uuid: 4204f80b-82e0-3cc4-9285-894e7ce339bf
timestamps:
  login: 1435669205057
  logout: 1435669264699
ipAddress: 109.8.59.88
logoutlocation:
  world: world
  x: 488.01126116962206
  y: 4.0
  z: 517.4478529199981
  yaw: 71.40004
  pitch: 2.850004
