socialspy: false
uuid: 0f146ca6-cf85-39db-aa74-8862ef2105b1
timestamps:
  login: 1436512467153
  logout: 1436512468803
ipAddress: 123.52.130.52
lastlocation:
  world: world
  x: 527.5
  y: 5.0
  z: 487.5
  yaw: 0.0
  pitch: 0.0
logoutlocation:
  world: world
  x: 526.5
  y: 8.0
  z: 493.5
  yaw: 5.46167
  pitch: 2.4994261
