socialspy: false
uuid: 5082b9ea-ade5-3973-a3cd-d2548d68e796
timestamps:
  login: 1436517019609
  logout: 1436517047889
ipAddress: 120.83.5.164
lastlocation:
  world: world
  x: 534.5
  y: 4.0
  z: 493.5
  yaw: 0.0
  pitch: 0.0
logoutlocation:
  world: world
  x: 526.5
  y: 8.0
  z: 493.5
  yaw: 5.46167
  pitch: 2.4994261
