socialspy: false
uuid: a6e13f03-bfa5-309f-87a0-6b68cbcc6357
timestamps:
  login: 1436120400091
  logout: 1436120413243
ipAddress: 88.136.70.80
lastlocation:
  world: world
  x: 533.5
  y: 6.0
  z: 488.5
  yaw: 0.0
  pitch: 0.0
logoutlocation:
  world: world
  x: 524.5400448133004
  y: 8.0
  z: 501.43524516862936
  yaw: -29.113968
  pitch: 14.496123
