socialspy: false
uuid: e2285bf6-7475-32e5-b682-cd72698c84fc
timestamps:
  login: 1437059016056
  logout: 1437059045650
ipAddress: 81.56.149.117
lastlocation:
  world: world
  x: 525.5
  y: 12.0
  z: 498.5
  yaw: 0.0
  pitch: 0.0
logoutlocation:
  world: world
  x: 526.5
  y: 8.0
  z: 493.5
  yaw: 6.1560616
  pitch: 4.582601
