socialspy: false
uuid: 5b3da423-a39b-3f4f-871e-c95dec9ebea5
timestamps:
  login: 1436445917459
  logout: 1436445946328
ipAddress: 83.200.178.224
lastlocation:
  world: world
  x: 529.5
  y: 4.0
  z: 483.5
  yaw: 0.0
  pitch: 0.0
logoutlocation:
  world: world
  x: 547.3460723986316
  y: 4.5
  z: 520.6239132805
  yaw: 15.81177
  pitch: 22.599447
