socialspy: false
uuid: 6986d762-22e3-3c6a-9dfa-331837debd7e
timestamps:
  login: 1436511005617
  logout: 1436511006368
ipAddress: 201.221.132.22
lastlocation:
  world: world
  x: 518.5
  y: 5.0
  z: 500.5
  yaw: 0.0
  pitch: 0.0
logoutlocation:
  world: world
  x: 526.5
  y: 8.0
  z: 493.5
  yaw: 5.46167
  pitch: 2.4994261
