socialspy: false
uuid: 08476286-e7bc-3017-8a84-b5dbe7cecb57
timestamps:
  login: 1436510868500
  logout: 1436510868514
ipAddress: 221.229.252.98
lastlocation:
  world: world
  x: 522.5
  y: 13.0
  z: 493.5
  yaw: 0.0
  pitch: 0.0
logoutlocation:
  world: world
  x: 526.5
  y: 8.0
  z: 493.5
  yaw: 5.46167
  pitch: 2.4994261
