socialspy: false
uuid: f923247d-15c7-3a0c-a623-0d7eb844d55c
timestamps:
  login: 1436511113709
  logout: 1436511141821
ipAddress: 212.25.61.158
lastlocation:
  world: world
  x: 525.5
  y: 12.0
  z: 488.5
  yaw: 0.0
  pitch: 0.0
logoutlocation:
  world: world
  x: 526.5
  y: 8.0
  z: 493.5
  yaw: 5.46167
  pitch: 2.4994261
