socialspy: false
uuid: 4e539164-e6d2-3722-92b0-b1bcdc9e0236
timestamps:
  login: 1436512527932
  logout: 1436512529100
ipAddress: 223.68.6.10
lastlocation:
  world: world
  x: 527.5
  y: 8.0
  z: 485.5
  yaw: 0.0
  pitch: 0.0
logoutlocation:
  world: world
  x: 526.5
  y: 8.0
  z: 493.5
  yaw: 5.46167
  pitch: 2.4994261
