socialspy: false
uuid: d8694289-9a0f-3141-9460-9715ebd6217a
timestamps:
  login: 1437038048782
  logout: 1437038061723
ipAddress: 78.250.51.96
lastlocation:
  world: world
  x: 524.5
  y: 7.0
  z: 488.5
  yaw: 0.0
  pitch: 0.0
logoutlocation:
  world: world
  x: 522.5531268956092
  y: 4.5
  z: 493.4178681848426
  yaw: 276.81168
  pitch: 8.349436
