socialspy: false
uuid: fc27ee32-2eed-36b7-8481-3f2f7dd2a186
timestamps:
  login: 1436044045542
  logout: 1436044046441
ipAddress: 82.246.55.84
lastlocation:
  world: world
  x: 529.5
  y: 4.0
  z: 486.5
  yaw: 0.0
  pitch: 0.0
logoutlocation:
  world: world
  x: 526.5
  y: 8.0
  z: 493.5
  yaw: 5.46167
  pitch: 2.4994261
