socialspy: false
uuid: 79817ae2-bdf1-3de9-a013-4bc0840a6ab3
timestamps:
  login: 1436511018754
  logout: 1436511018908
ipAddress: 207.5.112.114
lastlocation:
  world: world
  x: 533.5
  y: 7.0
  z: 497.5
  yaw: 0.0
  pitch: 0.0
logoutlocation:
  world: world
  x: 526.5
  y: 8.0
  z: 493.5
  yaw: 5.46167
  pitch: 2.4994261
