socialspy: false
uuid: 62e36bd7-c092-33fe-9352-54a375ac251a
timestamps:
  login: 1436513035922
ipAddress: 197.210.255.150
lastlocation:
  world: world
  x: 516.5
  y: 4.0
  z: 488.5
  yaw: 0.0
  pitch: 0.0
logoutlocation:
  world: world
  x: 526.5
  y: 8.0
  z: 493.5
  yaw: 5.46167
  pitch: 2.4994261
