socialspy: false
uuid: 3b31fced-1f94-3176-bd67-5542b3f6bea2
timestamps:
  login: 1436510676133
ipAddress: 207.5.112.114
lastlocation:
  world: world
  x: 525.5
  y: 12.0
  z: 498.5
  yaw: 0.0
  pitch: 0.0
logoutlocation:
  world: world
  x: 526.5
  y: 8.0
  z: 493.5
  yaw: 5.46167
  pitch: 2.4994261
