socialspy: false
uuid: 37ffa7d6-6ef3-3f16-b0c8-57a8065d781f
timestamps:
  login: 1436600547851
  logout: 1436600555412
ipAddress: 78.242.42.113
lastlocation:
  world: world
  x: 535.5
  y: 5.0
  z: 487.5
  yaw: 0.0
  pitch: 0.0
logoutlocation:
  world: world
  x: 526.5
  y: 8.0
  z: 493.5
  yaw: 3.9616694
  pitch: -0.050573785
