uuid: a82be191-ec6c-368c-8333-0a4055317f81
timestamps:
  login: 1435669787923
  logout: 1435670058674
ipAddress: 87.91.77.151
logoutlocation:
  world: world
  x: 523.8768445581959
  y: 8.0
  z: 496.10619306197543
  yaw: -137.62407
  pitch: 16.214863
