socialspy: false
uuid: 77bb8388-0c81-343b-bbee-71358fe7e023
timestamps:
  login: 1436200424920
  logout: 1436200436592
ipAddress: 109.213.231.76
lastlocation:
  world: world
  x: 529.5
  y: 7.0
  z: 488.5
  yaw: 0.0
  pitch: 0.0
logoutlocation:
  world: world
  x: 524.7253156353282
  y: 8.0
  z: 494.58624734672094
  yaw: -307.26492
  pitch: 14.744628
