socialspy: false
uuid: 87999d13-bb88-3941-990d-bfa93b9885bc
timestamps:
  login: 1436480526214
  logout: 1436480545409
ipAddress: 121.15.230.126
lastlocation:
  world: world
  x: 524.5
  y: 13.0
  z: 491.5
  yaw: 0.0
  pitch: 0.0
logoutlocation:
  world: world
  x: 526.5
  y: 8.0
  z: 493.5
  yaw: 5.46167
  pitch: 2.4994261
