socialspy: false
uuid: 69533dcc-e49b-37a1-b742-fc22d4b951f6
timestamps:
  login: 1436510949348
ipAddress: 103.11.192.114
lastlocation:
  world: world
  x: 524.5
  y: 7.0
  z: 483.5
  yaw: 0.0
  pitch: 0.0
logoutlocation:
  world: world
  x: 526.5
  y: 8.0
  z: 493.5
  yaw: 5.46167
  pitch: 2.4994261
