socialspy: false
uuid: aa01b4cf-5705-37bc-bd1d-d099a60ca30a
timestamps:
  login: 1436513042183
  logout: 1436513070631
ipAddress: 61.162.223.41
lastlocation:
  world: world
  x: 534.5
  y: 4.0
  z: 492.5
  yaw: 0.0
  pitch: 0.0
logoutlocation:
  world: world
  x: 526.5
  y: 8.0
  z: 493.5
  yaw: 5.46167
  pitch: 2.4994261
