socialspy: false
uuid: 85863ab4-966a-31d8-be9e-d217f76ba7bd
timestamps:
  login: 1436447206690
  logout: 1436447218354
ipAddress: 105.111.103.80
lastlocation:
  world: world
  x: 528.5
  y: 13.0
  z: 494.5
  yaw: 0.0
  pitch: 0.0
logoutlocation:
  world: world
  x: 526.3230736028288
  y: 8.0
  z: 494.7742763141794
  yaw: 58.11168
  pitch: -1.5505738
