socialspy: false
uuid: 5725828d-026c-31ee-a20c-cea74253bfb8
timestamps:
  login: 1436510591796
  logout: 1436510594699
ipAddress: 201.210.10.233
lastlocation:
  world: world
  x: 516.5
  y: 4.0
  z: 488.5
  yaw: 0.0
  pitch: 0.0
logoutlocation:
  world: world
  x: 526.5
  y: 8.0
  z: 493.5
  yaw: 5.46167
  pitch: 2.4994261
