socialspy: false
uuid: 38b74db2-d394-33ac-b504-e4e9952aacff
timestamps:
  login: 1436510982850
  logout: 1436510983849
ipAddress: 223.68.6.10
lastlocation:
  world: world
  x: 528.5
  y: 6.0
  z: 486.5
  yaw: 0.0
  pitch: 0.0
logoutlocation:
  world: world
  x: 526.5
  y: 8.0
  z: 493.5
  yaw: 5.46167
  pitch: 2.4994261
