socialspy: false
uuid: ac06cdcd-3095-3a7a-b585-2af7e5d05b99
timestamps:
  login: 1436511071607
ipAddress: 202.53.254.99
lastlocation:
  world: world
  x: 527.5
  y: 14.0
  z: 493.5
  yaw: 0.0
  pitch: 0.0
logoutlocation:
  world: world
  x: 526.5
  y: 8.0
  z: 493.5
  yaw: 5.46167
  pitch: 2.4994261
