socialspy: false
uuid: 29a9476b-84f2-3b62-9cdf-88653bbea660
timestamps:
  login: 1436511337635
ipAddress: 212.25.61.158
lastlocation:
  world: world
  x: 533.5
  y: 4.0
  z: 494.5
  yaw: 0.0
  pitch: 0.0
logoutlocation:
  world: world
  x: 526.5
  y: 8.0
  z: 493.5
  yaw: 5.46167
  pitch: 2.4994261
