socialspy: false
uuid: 8ea2d5c3-fb3a-3b3d-865f-9627862bc178
timestamps:
  login: 1436510641061
  logout: 1436510670401
ipAddress: 5.56.61.185
lastlocation:
  world: world
  x: 530.5
  y: 7.0
  z: 486.5
  yaw: 0.0
  pitch: 0.0
logoutlocation:
  world: world
  x: 526.5
  y: 8.0
  z: 493.5
  yaw: 5.46167
  pitch: 2.4994261
