socialspy: false
uuid: c948611f-9233-36d3-8365-146f29048c18
timestamps:
  login: 1436512414971
  logout: 1436512416072
ipAddress: 61.157.126.37
lastlocation:
  world: world
  x: 529.5
  y: 13.0
  z: 496.5
  yaw: 0.0
  pitch: 0.0
logoutlocation:
  world: world
  x: 526.5
  y: 8.0
  z: 493.5
  yaw: 5.46167
  pitch: 2.4994261
