uuid: a89ff860-fc2c-3026-bd1c-951faa9b6216
timestamps:
  login: 1435818251713
  logout: 1435818367689
ipAddress: 95.19.7.183
lastlocation:
  world: world
  x: 521.5
  y: 7.0
  z: 488.5
  yaw: 0.0
  pitch: 0.0
logoutlocation:
  world: world
  x: 526.5
  y: 8.0
  z: 493.5
  yaw: 9.3616705
  pitch: -1.1005739
