socialspy: false
uuid: 8d545f4a-4412-35bc-838e-a8f1b009230b
timestamps:
  login: 1436510547348
ipAddress: 91.106.34.18
lastlocation:
  world: world
  x: 533.5
  y: 7.0
  z: 497.5
  yaw: 0.0
  pitch: 0.0
logoutlocation:
  world: world
  x: 526.5
  y: 8.0
  z: 493.5
  yaw: 5.46167
  pitch: 2.4994261
