socialspy: false
uuid: 5b12352d-6913-3743-8eef-3fe8b0e6d181
timestamps:
  login: 1436511167654
ipAddress: 201.221.132.22
lastlocation:
  world: world
  x: 519.5
  y: 6.0
  z: 488.5
  yaw: 0.0
  pitch: 0.0
logoutlocation:
  world: world
  x: 526.5
  y: 8.0
  z: 493.5
  yaw: 5.46167
  pitch: 2.4994261
