socialspy: false
uuid: 8b20b5f6-885b-3393-baf5-7f672c37518f
timestamps:
  login: 1436527820099
  logout: 1436527820249
ipAddress: 186.116.8.170
lastlocation:
  world: world
  x: 530.5
  y: 8.0
  z: 496.5
  yaw: 0.0
  pitch: 0.0
logoutlocation:
  world: world
  x: 526.5
  y: 8.0
  z: 493.5
  yaw: 5.46167
  pitch: 2.4994261
