socialspy: false
uuid: 651f95ec-98fa-382b-af68-d5d32ffe101f
timestamps:
  login: 1436517006542
  logout: 1436517007642
ipAddress: 176.194.189.56
lastlocation:
  world: world
  x: 525.5
  y: 4.0
  z: 500.5
  yaw: 0.0
  pitch: 0.0
logoutlocation:
  world: world
  x: 526.5
  y: 8.0
  z: 493.5
  yaw: 5.46167
  pitch: 2.4994261
