socialspy: false
uuid: add6fdfe-ebf6-34be-becd-b3ecd63dbffb
timestamps:
  login: 1436460479247
  logout: 1436460655349
ipAddress: 88.126.104.74
lastlocation:
  world: world
  x: 528.5
  y: 13.0
  z: 494.5
  yaw: 0.0
  pitch: 0.0
logoutlocation:
  world: world
  x: 497.6052543633146
  y: 4.5
  z: 519.4088699686216
  yaw: 160.11163
  pitch: 19.29944
