socialspy: false
uuid: 48cdefba-4fca-3fe9-bcad-26263b2867f4
timestamps:
  login: 1436512392106
  logout: 1436512393505
ipAddress: 187.111.0.174
lastlocation:
  world: world
  x: 516.5
  y: 4.0
  z: 496.5
  yaw: 0.0
  pitch: 0.0
logoutlocation:
  world: world
  x: 526.5
  y: 8.0
  z: 493.5
  yaw: 5.46167
  pitch: 2.4994261
