socialspy: false
uuid: 815dd2c6-f6a7-3c6e-854c-92a28865816e
timestamps:
  login: 1436378710516
  logout: 1436378783937
ipAddress: 2.5.76.139
lastlocation:
  world: world
  x: 517.5
  y: 4.0
  z: 502.5
  yaw: 0.0
  pitch: 0.0
logoutlocation:
  world: world
  x: 550.7403997046921
  y: 4.0
  z: 469.4382741894089
  yaw: 224.76027
  pitch: 14.55002
