socialspy: false
uuid: a3faefcf-67fd-3fa8-8a8c-6644b5a1a35c
timestamps:
  login: 1436516982666
ipAddress: 202.77.119.114
lastlocation:
  world: world
  x: 523.5
  y: 5.0
  z: 486.5
  yaw: 0.0
  pitch: 0.0
logoutlocation:
  world: world
  x: 526.5
  y: 8.0
  z: 493.5
  yaw: 5.46167
  pitch: 2.4994261
