socialspy: false
uuid: d88e6b10-11a0-3008-90c3-567495e93726
timestamps:
  login: 1436959370504
  logout: 1436959432415
ipAddress: 85.4.42.150
lastlocation:
  world: world
  x: 529.5
  y: 4.0
  z: 486.5
  yaw: 0.0
  pitch: 0.0
logoutlocation:
  world: world
  x: 502.69999998807907
  y: 3.0
  z: 511.2955444371328
  yaw: -103.14154
  pitch: 0.049751043
