socialspy: false
uuid: 2043b7c6-189e-3cf7-8de7-72d0929e7215
timestamps:
  login: 1436512419649
ipAddress: 85.202.7.27
lastlocation:
  world: world
  x: 522.5
  y: 7.0
  z: 499.5
  yaw: 0.0
  pitch: 0.0
logoutlocation:
  world: world
  x: 526.5
  y: 8.0
  z: 493.5
  yaw: 5.46167
  pitch: 2.4994261
