socialspy: false
uuid: 4d2135bf-9137-34d0-ac54-5137393466e4
timestamps:
  login: 1436099005337
  logout: 1436099014375
ipAddress: 88.170.254.144
lastlocation:
  world: world
  x: 520.5
  y: 6.0
  z: 486.5
  yaw: 0.0
  pitch: 0.0
logoutlocation:
  world: world
  x: 526.5
  y: 8.0
  z: 493.5
  yaw: 7.2869263
  pitch: 4.324682
