socialspy: false
uuid: 61978e09-2050-37ce-83a3-da6dac2e5167
timestamps:
  login: 1436292172002
  logout: 1436292187944
ipAddress: 81.53.125.3
lastlocation:
  world: world
  x: 530.5
  y: 13.0
  z: 494.5
  yaw: 0.0
  pitch: 0.0
logoutlocation:
  world: world
  x: 516.8029134531203
  y: 4.0
  z: 478.89834212780175
  yaw: 74.01169
  pitch: 26.64941
