socialspy: false
uuid: ba93e88b-2418-35f9-87fa-dd50feff06a8
timestamps:
  login: 1436511075359
  logout: 1436511081579
ipAddress: 85.201.112.114
lastlocation:
  world: world
  x: 516.5
  y: 4.0
  z: 489.5
  yaw: 0.0
  pitch: 0.0
logoutlocation:
  world: world
  x: 526.5
  y: 8.0
  z: 493.5
  yaw: 5.46167
  pitch: 2.4994261
