socialspy: false
uuid: d812b27b-e788-3cd4-99bd-fe3e78f1df1e
timestamps:
  login: 1436124858084
  logout: 1436124935333
ipAddress: 93.27.84.118
lastlocation:
  world: world
  x: 516.5
  y: 4.0
  z: 491.5
  yaw: 0.0
  pitch: 0.0
logoutlocation:
  world: world
  x: 539.1438551489836
  y: 4.5
  z: 486.0140565593168
  yaw: -76.73801
  pitch: 23.49943
