socialspy: false
uuid: 1d18e135-b061-35e5-b784-e68ea977ec7b
timestamps:
  login: 1436480509155
  logout: 1436480510184
ipAddress: 162.223.88.243
lastlocation:
  world: world
  x: 517.5
  y: 5.0
  z: 485.5
  yaw: 0.0
  pitch: 0.0
logoutlocation:
  world: world
  x: 526.5
  y: 8.0
  z: 493.5
  yaw: 5.46167
  pitch: 2.4994261
