socialspy: false
uuid: 2f3c6429-13df-3271-8cfb-9d2318b39ac9
timestamps:
  login: 1436273562046
  logout: 1436273571364
ipAddress: 83.198.28.158
lastlocation:
  world: world
  x: 524.5
  y: 4.0
  z: 486.5
  yaw: 0.0
  pitch: 0.0
logoutlocation:
  world: world
  x: 510.4318060885452
  y: 4.0
  z: 507.9196953668293
  yaw: 12.204899
  pitch: 36.57054
