socialspy: false
uuid: e643b61d-5f7e-356a-ac0f-1c6cff42c7c8
timestamps:
  login: 1436511066764
ipAddress: 91.106.34.18
lastlocation:
  world: world
  x: 530.5
  y: 7.0
  z: 498.5
  yaw: 0.0
  pitch: 0.0
logoutlocation:
  world: world
  x: 526.5
  y: 8.0
  z: 493.5
  yaw: 5.46167
  pitch: 2.4994261
