socialspy: false
uuid: b4848818-f52d-3d75-99db-876873213ead
timestamps:
  login: 1436384204517
  logout: 1436384266744
ipAddress: 82.242.245.55
lastlocation:
  world: world
  x: 528.5
  y: 7.0
  z: 498.5
  yaw: 0.0
  pitch: 0.0
logoutlocation:
  world: world
  x: 605.6896957984651
  y: 4.0
  z: 545.8576327917426
  yaw: 20.406586
  pitch: 15.614963
