socialspy: false
uuid: da31699f-329f-39ca-a30b-9b3a7ba5c4cf
timestamps:
  login: 1436480459158
  logout: 1436480487490
ipAddress: 5.56.61.185
lastlocation:
  world: world
  x: 524.5
  y: 13.0
  z: 492.5
  yaw: 0.0
  pitch: 0.0
logoutlocation:
  world: world
  x: 526.5
  y: 8.0
  z: 493.5
  yaw: 5.46167
  pitch: 2.4994261
