socialspy: false
uuid: d79bbb2c-d60c-3383-804e-8f64b53fa680
timestamps:
  login: 1436510665834
ipAddress: 201.221.132.22
lastlocation:
  world: world
  x: 529.5
  y: 4.0
  z: 485.5
  yaw: 0.0
  pitch: 0.0
logoutlocation:
  world: world
  x: 526.5
  y: 8.0
  z: 493.5
  yaw: 5.46167
  pitch: 2.4994261
