socialspy: false
uuid: 38649dfb-c47a-3ec6-881f-d878a4db2e9c
timestamps:
  login: 1436527993232
  logout: 1436527994318
ipAddress: 202.148.27.122
lastlocation:
  world: world
  x: 528.5
  y: 7.0
  z: 488.5
  yaw: 0.0
  pitch: 0.0
logoutlocation:
  world: world
  x: 526.5
  y: 8.0
  z: 493.5
  yaw: 5.46167
  pitch: 2.4994261
