socialspy: false
uuid: 5644b0c5-0d44-3d51-bf6a-7612d951555a
timestamps:
  login: 1436512491489
  logout: 1436512493875
ipAddress: 201.221.132.22
lastlocation:
  world: world
  x: 531.5
  y: 7.0
  z: 489.5
  yaw: 0.0
  pitch: 0.0
logoutlocation:
  world: world
  x: 526.5
  y: 8.0
  z: 493.5
  yaw: 5.46167
  pitch: 2.4994261
