socialspy: false
uuid: 31936fb3-d70b-3206-8e6f-1c9362f33063
timestamps:
  login: 1436512407400
ipAddress: 24.172.34.114
lastlocation:
  world: world
  x: 530.5
  y: 4.0
  z: 501.5
  yaw: 0.0
  pitch: 0.0
logoutlocation:
  world: world
  x: 526.5
  y: 8.0
  z: 493.5
  yaw: 5.46167
  pitch: 2.4994261
