socialspy: false
uuid: f5023618-a624-3644-8dbe-1a4fc87652ff
timestamps:
  login: 1436510618485
ipAddress: 85.202.7.27
lastlocation:
  world: world
  x: 533.5
  y: 6.0
  z: 488.5
  yaw: 0.0
  pitch: 0.0
logoutlocation:
  world: world
  x: 526.5
  y: 8.0
  z: 493.5
  yaw: 5.46167
  pitch: 2.4994261
