socialspy: false
uuid: 7c7f63e3-3bbb-30cf-ab3e-78f8122de723
timestamps:
  login: 1436512472455
  logout: 1436512473805
ipAddress: 208.109.239.64
lastlocation:
  world: world
  x: 530.5
  y: 7.0
  z: 488.5
  yaw: 0.0
  pitch: 0.0
logoutlocation:
  world: world
  x: 526.5
  y: 8.0
  z: 493.5
  yaw: 5.46167
  pitch: 2.4994261
