socialspy: false
uuid: b44e58cb-2bdc-30bb-8921-2db71ba150c0
timestamps:
  login: 1436517032398
  logout: 1436517035299
ipAddress: 211.144.81.68
lastlocation:
  world: world
  x: 531.5
  y: 7.0
  z: 489.5
  yaw: 0.0
  pitch: 0.0
logoutlocation:
  world: world
  x: 526.5
  y: 8.0
  z: 493.5
  yaw: 5.46167
  pitch: 2.4994261
