socialspy: false
uuid: cc835590-87aa-3bd8-8d83-df8870d3fb8c
timestamps:
  login: 1436101561438
  logout: 1436101618728
ipAddress: 90.43.18.191
lastlocation:
  world: world
  x: 527.5
  y: 13.0
  z: 490.5
  yaw: 0.0
  pitch: 0.0
logoutlocation:
  world: world
  x: 526.4571212665078
  y: 8.0
  z: 493.22435449403713
  yaw: -224.25005
  pitch: 23.550001
