socialspy: false
uuid: 30d36ed6-daf6-3020-9a14-6c0723390ae5
timestamps:
  login: 1436963705629
  logout: 1436963707653
ipAddress: 92.149.161.98
lastlocation:
  world: world
  x: 529.5
  y: 4.0
  z: 486.5
  yaw: 0.0
  pitch: 0.0
logoutlocation:
  world: world
  x: 526.3219802442148
  y: 8.0
  z: 495.55569982389426
  yaw: 5.46167
  pitch: 4.5994263
