socialspy: false
uuid: 8267af56-0f81-34b3-bdc9-db4fb80d6d91
timestamps:
  login: 1436516993161
ipAddress: 139.0.28.18
lastlocation:
  world: world
  x: 521.5
  y: 12.0
  z: 494.5
  yaw: 0.0
  pitch: 0.0
logoutlocation:
  world: world
  x: 526.5
  y: 8.0
  z: 493.5
  yaw: 5.46167
  pitch: 2.4994261
