socialspy: false
uuid: a800f223-319f-3e77-93e8-b44e6cb8c9ff
timestamps:
  login: 1436512467658
  logout: 1436512468803
ipAddress: 201.221.132.22
lastlocation:
  world: world
  x: 533.5
  y: 6.0
  z: 500.5
  yaw: 0.0
  pitch: 0.0
logoutlocation:
  world: world
  x: 526.5
  y: 8.0
  z: 493.5
  yaw: 5.46167
  pitch: 2.4994261
