socialspy: false
uuid: f3858595-f958-3868-a488-0bbcb3fcd4ba
timestamps:
  login: 1436511368834
  logout: 1436511392670
ipAddress: 181.211.191.227
lastlocation:
  world: world
  x: 529.5
  y: 7.0
  z: 488.5
  yaw: 0.0
  pitch: 0.0
logoutlocation:
  world: world
  x: 526.5
  y: 8.0
  z: 493.5
  yaw: 5.46167
  pitch: 2.4994261
