socialspy: false
uuid: 2f56b791-9569-3d9b-86fc-e28628be3029
timestamps:
  login: 1436512478264
  logout: 1436512483837
ipAddress: 163.177.79.5
lastlocation:
  world: world
  x: 518.5
  y: 5.0
  z: 502.5
  yaw: 0.0
  pitch: 0.0
logoutlocation:
  world: world
  x: 526.5
  y: 8.0
  z: 493.5
  yaw: 5.46167
  pitch: 2.4994261
