socialspy: false
uuid: c533020c-2de3-3811-8af9-f749ccf7400e
timestamps:
  login: 1436905096574
  logout: 1436905106143
ipAddress: 82.232.198.53
lastlocation:
  world: world
  x: 519.5
  y: 6.0
  z: 497.5
  yaw: 0.0
  pitch: 0.0
logoutlocation:
  world: world
  x: 526.5
  y: 8.0
  z: 493.5
  yaw: 5.46167
  pitch: 2.4994261
