socialspy: false
uuid: 7578ff6b-019e-36a9-99dc-8ea7cb4c88e9
timestamps:
  login: 1436480581216
  logout: 1436480583115
ipAddress: 222.88.242.213
lastlocation:
  world: world
  x: 535.5
  y: 4.0
  z: 496.5
  yaw: 0.0
  pitch: 0.0
logoutlocation:
  world: world
  x: 526.5
  y: 8.0
  z: 493.5
  yaw: 5.46167
  pitch: 2.4994261
