socialspy: false
uuid: 145395fb-93e1-361d-bf7d-ef1d4f2abe4c
timestamps:
  login: 1436528238411
  logout: 1436528238661
ipAddress: 221.229.252.98
lastlocation:
  world: world
  x: 533.5
  y: 5.0
  z: 483.5
  yaw: 0.0
  pitch: 0.0
logoutlocation:
  world: world
  x: 526.5
  y: 8.0
  z: 493.5
  yaw: 5.46167
  pitch: 2.4994261
