uuid: 9ed5eff4-2f05-3732-a8a6-887cf11a75fc
timestamps:
  login: 1436459426726
  logout: 1436459431585
ipAddress: 109.211.51.95
lastlocation:
  world: world
  x: 534.5
  y: 6.0
  z: 487.5
  yaw: 0.0
  pitch: 0.0
logoutlocation:
  world: world
  x: 487.3644103147698
  y: 4.0
  z: 516.658717911777
  yaw: 111.96156
  pitch: -4.400607
socialspy: false
