socialspy: false
uuid: 617f6943-22cd-3382-90f8-864bc8a9105f
timestamps:
  login: 1437055757938
  logout: 1437055792909
ipAddress: 31.35.189.114
lastlocation:
  world: world
  x: 528.5
  y: 12.0
  z: 497.5
  yaw: 0.0
  pitch: 0.0
logoutlocation:
  world: world
  x: 526.4140906306225
  y: 4.5
  z: 499.69999998807907
  yaw: 138.27449
  pitch: 15.591422
