socialspy: false
uuid: 665dd855-d30c-34ff-ba56-9a1bfecafb02
timestamps:
  login: 1437035424645
  logout: 1437035441002
ipAddress: 90.48.28.206
lastlocation:
  world: world
  x: 524.5
  y: 7.0
  z: 488.5
  yaw: 0.0
  pitch: 0.0
logoutlocation:
  world: world
  x: 524.5
  y: 7.0
  z: 488.5
  yaw: 0.76186186
  pitch: 8.598158
