socialspy: false
uuid: cc96ffae-739f-3451-936e-e56c0a282cf8
timestamps:
  login: 1436357741748
  logout: 1436358392496
ipAddress: 77.200.56.213
lastlocation:
  world: world
  x: 531.5
  y: 6.0
  z: 486.5
  yaw: 0.0
  pitch: 0.0
logoutlocation:
  world: world
  x: 511.1595213182542
  y: 4.0
  z: 494.1504855016136
  yaw: -24.538242
  pitch: 3.9994242
