socialspy: false
uuid: 5d51f6e1-bbec-3eb3-b37d-63ab811e79be
timestamps:
  login: 1436512477295
  logout: 1436512478814
ipAddress: 222.124.149.178
lastlocation:
  world: world
  x: 535.5
  y: 4.0
  z: 489.5
  yaw: 0.0
  pitch: 0.0
logoutlocation:
  world: world
  x: 526.5
  y: 8.0
  z: 493.5
  yaw: 5.46167
  pitch: 2.4994261
