socialspy: false
uuid: 69db2e5c-e4b3-3dc8-a9da-daa1860def88
timestamps:
  login: 1436517010952
  logout: 1436517012653
ipAddress: 221.229.252.98
lastlocation:
  world: world
  x: 530.5
  y: 7.0
  z: 488.5
  yaw: 0.0
  pitch: 0.0
logoutlocation:
  world: world
  x: 526.5
  y: 8.0
  z: 493.5
  yaw: 5.46167
  pitch: 2.4994261
