uuid: 887149a8-9ecd-3644-a5fd-396fb637b5dc
timestamps:
  login: 1436270474016
  logout: 1436270501992
ipAddress: 82.229.0.124
lastlocation:
  world: world
  x: 533.5
  y: 5.0
  z: 501.5
  yaw: 0.0
  pitch: 0.0
logoutlocation:
  world: world
  x: 525.8470749632795
  y: 8.0
  z: 494.694642771624
  yaw: 76.261696
  pitch: -8.900575
socialspy: false
