socialspy: false
uuid: 8dd356a3-ff04-327f-8f38-02d1b91aad7d
timestamps:
  login: 1436512436180
  logout: 1436512436180
ipAddress: 5.56.61.185
lastlocation:
  world: world
  x: 533.5
  y: 4.0
  z: 492.5
  yaw: 0.0
  pitch: 0.0
logoutlocation:
  world: world
  x: 526.5
  y: 8.0
  z: 493.5
  yaw: 5.46167
  pitch: 2.4994261
