socialspy: false
uuid: e7ba5ade-5323-31e0-928f-ffdced0d6ddd
timestamps:
  login: 1436510822522
  logout: 1436510851328
ipAddress: 176.194.189.56
lastlocation:
  world: world
  x: 535.5
  y: 4.0
  z: 496.5
  yaw: 0.0
  pitch: 0.0
logoutlocation:
  world: world
  x: 526.5
  y: 8.0
  z: 493.5
  yaw: 5.46167
  pitch: 2.4994261
