socialspy: false
uuid: d52a91fc-db52-3bb7-b6f8-e235f5aa7f0c
timestamps:
  login: 1436166066392
  logout: 1436166108630
ipAddress: 197.149.21.242
lastlocation:
  world: world
  x: 532.5
  y: 7.0
  z: 489.5
  yaw: 0.0
  pitch: 0.0
logoutlocation:
  world: world
  x: 524.0833380975622
  y: 8.0
  z: 497.04770041873576
  yaw: 10.8616705
  pitch: 5.799426
