socialspy: false
uuid: 703d3d17-efa1-3109-bbab-bf382641eefa
timestamps:
  login: 1437067408720
  logout: 1437067428787
ipAddress: 5.48.230.220
lastlocation:
  world: world
  x: 528.5
  y: 12.0
  z: 489.5
  yaw: 0.0
  pitch: 0.0
logoutlocation:
  world: world
  x: 525.3000000119209
  y: 4.0
  z: 492.1024613194627
  yaw: 178.1117
  pitch: 35.34943
