socialspy: false
uuid: c4feefc0-fe29-35ce-89c8-ef7202c9884a
timestamps:
  login: 1436562051805
  logout: 1436562060207
ipAddress: 2.13.1.59
lastlocation:
  world: world
  x: 519.5
  y: 6.0
  z: 498.5
  yaw: 0.0
  pitch: 0.0
logoutlocation:
  world: world
  x: 526.5
  y: 8.0
  z: 493.5
  yaw: 5.46167
  pitch: 2.4994261
