socialspy: false
uuid: 0d0bc6ec-3cbe-3669-8be9-0ddc664868a8
timestamps:
  login: 1436512990995
  logout: 1436512992515
ipAddress: 77.50.220.91
lastlocation:
  world: world
  x: 533.5
  y: 4.0
  z: 490.5
  yaw: 0.0
  pitch: 0.0
logoutlocation:
  world: world
  x: 526.5
  y: 8.0
  z: 493.5
  yaw: 5.46167
  pitch: 2.4994261
