socialspy: false
uuid: 63791384-df38-32df-8845-9b853645b0bd
timestamps:
  login: 1436296356521
  logout: 1436296365810
ipAddress: 161.22.81.180
lastlocation:
  world: world
  x: 527.5
  y: 5.0
  z: 487.5
  yaw: 0.0
  pitch: 0.0
logoutlocation:
  world: world
  x: 526.4094599088298
  y: 8.0
  z: 494.52393605025725
  yaw: -33.74491
  pitch: 12.318085
