socialspy: false
uuid: a6e437e9-169c-3a1e-acd7-7e5fc62dbfc4
timestamps:
  login: 1436905111364
  logout: 1436905138876
ipAddress: 82.232.198.53
lastlocation:
  world: world
  x: 531.5
  y: 7.0
  z: 497.5
  yaw: 0.0
  pitch: 0.0
logoutlocation:
  world: world
  x: 526.5
  y: 8.0
  z: 493.5
  yaw: 5.46167
  pitch: 2.4994261
