socialspy: false
uuid: 8d994ee7-fc56-3855-bda4-a75d6347ecd5
timestamps:
  login: 1436457137522
  logout: 1436457306574
ipAddress: 77.132.13.187
lastlocation:
  world: world
  x: 524.5
  y: 5.0
  z: 499.5
  yaw: 0.0
  pitch: 0.0
logoutlocation:
  world: world
  x: 468.4581424898936
  y: 4.0
  z: 571.3489816764809
  yaw: 262.05017
  pitch: 25.665924
