socialspy: false
uuid: b116876a-9fbb-33b7-8962-308da2aadd01
timestamps:
  login: 1436511214375
  logout: 1436511242073
ipAddress: 222.88.242.213
lastlocation:
  world: world
  x: 516.5
  y: 4.0
  z: 487.5
  yaw: 0.0
  pitch: 0.0
logoutlocation:
  world: world
  x: 526.5
  y: 8.0
  z: 493.5
  yaw: 5.46167
  pitch: 2.4994261
