socialspy: false
uuid: d495618d-97bd-338c-9c92-c7fcc9f60036
timestamps:
  login: 1436512442729
  logout: 1436512443731
ipAddress: 123.52.130.52
lastlocation:
  world: world
  x: 530.5
  y: 7.0
  z: 487.5
  yaw: 0.0
  pitch: 0.0
logoutlocation:
  world: world
  x: 526.5
  y: 8.0
  z: 493.5
  yaw: 5.46167
  pitch: 2.4994261
