socialspy: false
uuid: cc370114-7e40-3afe-85d7-cb25b0956a30
timestamps:
  login: 1436480538771
  logout: 1436480540371
ipAddress: 222.124.149.178
lastlocation:
  world: world
  x: 524.5
  y: 13.0
  z: 496.5
  yaw: 0.0
  pitch: 0.0
logoutlocation:
  world: world
  x: 526.5
  y: 8.0
  z: 493.5
  yaw: 5.46167
  pitch: 2.4994261
