socialspy: false
uuid: 41d493f8-17d7-31ec-9606-fc392039b33a
timestamps:
  login: 1436528072008
  logout: 1436528072608
ipAddress: 118.97.32.226
lastlocation:
  world: world
  x: 530.5
  y: 4.0
  z: 501.5
  yaw: 0.0
  pitch: 0.0
logoutlocation:
  world: world
  x: 526.5
  y: 8.0
  z: 493.5
  yaw: 5.46167
  pitch: 2.4994261
