socialspy: false
uuid: 5668d92f-0626-31e0-a272-6498dd90d0e4
timestamps:
  login: 1436528089898
  logout: 1436528117957
ipAddress: 61.162.223.41
lastlocation:
  world: world
  x: 530.5
  y: 8.0
  z: 489.5
  yaw: 0.0
  pitch: 0.0
logoutlocation:
  world: world
  x: 526.5
  y: 8.0
  z: 493.5
  yaw: 5.46167
  pitch: 2.4994261
