socialspy: false
uuid: 3cc877d6-ce1e-371f-a779-eb7ea9801d83
timestamps:
  login: 1436511345062
  logout: 1436511365095
ipAddress: 94.228.204.10
lastlocation:
  world: world
  x: 529.5
  y: 4.0
  z: 500.5
  yaw: 0.0
  pitch: 0.0
logoutlocation:
  world: world
  x: 526.5
  y: 8.0
  z: 493.5
  yaw: 5.46167
  pitch: 2.4994261
