socialspy: false
uuid: 19dbf7dd-d5d6-386b-a5ee-e0df6b76ebcc
timestamps:
  login: 1436285108323
  logout: 1436285115574
ipAddress: 90.26.167.193
lastlocation:
  world: world
  x: 527.5
  y: 5.0
  z: 499.5
  yaw: 0.0
  pitch: 0.0
logoutlocation:
  world: world
  x: 526.5
  y: 8.0
  z: 493.5
  yaw: 7.011003
  pitch: 3.360167
