socialspy: false
uuid: 650c594e-caae-3d21-a0c6-4258cafe5dd6
timestamps:
  login: 1436528060630
  logout: 1436528062490
ipAddress: 222.175.59.218
lastlocation:
  world: world
  x: 525.5
  y: 4.0
  z: 501.5
  yaw: 0.0
  pitch: 0.0
logoutlocation:
  world: world
  x: 526.5
  y: 8.0
  z: 493.5
  yaw: 5.46167
  pitch: 2.4994261
