socialspy: false
uuid: 2ee6f730-a52e-3c8d-9dab-fd00a7f613b1
timestamps:
  login: 1436316111997
  logout: 1436316128290
ipAddress: 41.102.100.146
lastlocation:
  world: world
  x: 526.5
  y: 13.0
  z: 497.5
  yaw: 0.0
  pitch: 0.0
logoutlocation:
  world: world
  x: 535.1397782699349
  y: 5.5
  z: 499.89454059931063
  yaw: 134.15924
  pitch: 19.317038
