socialspy: false
uuid: f8ee749b-d834-3172-9b85-8978ab314ae8
timestamps:
  login: 1436480465111
ipAddress: 187.111.0.174
lastlocation:
  world: world
  x: 523.5
  y: 8.0
  z: 497.5
  yaw: 0.0
  pitch: 0.0
logoutlocation:
  world: world
  x: 526.5
  y: 8.0
  z: 493.5
  yaw: 5.46167
  pitch: 2.4994261
