socialspy: false
uuid: 20be4f96-129f-3746-959e-7bed2f2e56c7
timestamps:
  login: 1436510615184
ipAddress: 103.11.192.114
lastlocation:
  world: world
  x: 518.5
  y: 4.0
  z: 491.5
  yaw: 0.0
  pitch: 0.0
logoutlocation:
  world: world
  x: 526.5
  y: 8.0
  z: 493.5
  yaw: 5.46167
  pitch: 2.4994261
