socialspy: false
uuid: ebb9d5d7-1cf9-380b-afc6-23eec1684679
timestamps:
  login: 1436528100130
  logout: 1436528100280
ipAddress: 207.5.112.114
lastlocation:
  world: world
  x: 534.5
  y: 5.0
  z: 500.5
  yaw: 0.0
  pitch: 0.0
logoutlocation:
  world: world
  x: 526.5
  y: 8.0
  z: 493.5
  yaw: 5.46167
  pitch: 2.4994261
