socialspy: false
uuid: 936e3b95-336a-38b0-82ed-d3ca7cb5d436
timestamps:
  login: 1436517053516
  logout: 1436517055417
ipAddress: 60.223.236.44
lastlocation:
  world: world
  x: 519.5
  y: 5.0
  z: 493.5
  yaw: 0.0
  pitch: 0.0
logoutlocation:
  world: world
  x: 526.5
  y: 8.0
  z: 493.5
  yaw: 5.46167
  pitch: 2.4994261
