socialspy: false
uuid: 041bc86b-93f6-35c8-946c-7836c3484975
timestamps:
  login: 1436510559318
  logout: 1436510559669
ipAddress: 80.79.241.30
lastlocation:
  world: world
  x: 518.5
  y: 5.0
  z: 486.5
  yaw: 0.0
  pitch: 0.0
logoutlocation:
  world: world
  x: 526.5
  y: 8.0
  z: 493.5
  yaw: 5.46167
  pitch: 2.4994261
