socialspy: false
uuid: 59cc5452-7c92-3d06-80b2-075239a49499
timestamps:
  login: 1436905106337
  logout: 1436905133841
ipAddress: 82.232.198.53
lastlocation:
  world: world
  x: 528.5
  y: 13.0
  z: 492.5
  yaw: 0.0
  pitch: 0.0
logoutlocation:
  world: world
  x: 526.5
  y: 8.0
  z: 493.5
  yaw: 5.46167
  pitch: 2.4994261
