socialspy: false
uuid: 690118ee-f86c-38f7-8670-645aebd1fede
timestamps:
  login: 1436517011152
  logout: 1436517022773
ipAddress: 60.251.11.27
lastlocation:
  world: world
  x: 526.5
  y: 7.0
  z: 486.5
  yaw: 0.0
  pitch: 0.0
logoutlocation:
  world: world
  x: 526.5
  y: 8.0
  z: 493.5
  yaw: 5.46167
  pitch: 2.4994261
