socialspy: false
uuid: 4dd1d90a-c0a8-3991-89d7-dd58ab5d0e99
timestamps:
  login: 1436512493375
  logout: 1436512521536
ipAddress: 124.161.94.8
lastlocation:
  world: world
  x: 517.5
  y: 5.0
  z: 500.5
  yaw: 0.0
  pitch: 0.0
logoutlocation:
  world: world
  x: 526.5
  y: 8.0
  z: 493.5
  yaw: 5.46167
  pitch: 2.4994261
