socialspy: false
uuid: a8b4770e-8d05-3865-9e00-b3a96f63d56c
timestamps:
  login: 1436511309559
  logout: 1436511334884
ipAddress: 223.68.6.10
lastlocation:
  world: world
  x: 533.5
  y: 5.0
  z: 485.5
  yaw: 0.0
  pitch: 0.0
logoutlocation:
  world: world
  x: 526.5
  y: 8.0
  z: 493.5
  yaw: 5.46167
  pitch: 2.4994261
