socialspy: false
uuid: 170bcca6-facf-3a44-8b56-1502c20e7cc6
timestamps:
  login: 1436511009319
ipAddress: 61.19.42.244
lastlocation:
  world: world
  x: 516.5
  y: 4.0
  z: 491.5
  yaw: 0.0
  pitch: 0.0
logoutlocation:
  world: world
  x: 526.5
  y: 8.0
  z: 493.5
  yaw: 5.46167
  pitch: 2.4994261
