socialspy: false
uuid: b6e6036b-5852-3259-9bb8-053b975a1e66
timestamps:
  login: 1436513039982
ipAddress: 24.172.34.114
lastlocation:
  world: world
  x: 519.5
  y: 5.0
  z: 492.5
  yaw: 0.0
  pitch: 0.0
logoutlocation:
  world: world
  x: 526.5
  y: 8.0
  z: 493.5
  yaw: 5.46167
  pitch: 2.4994261
