socialspy: false
uuid: 0aad1cbf-263b-3ed7-98a2-5c9d662fe4ef
timestamps:
  login: 1436511356284
  logout: 1436511385136
ipAddress: 5.56.61.185
lastlocation:
  world: world
  x: 518.5
  y: 6.0
  z: 488.5
  yaw: 0.0
  pitch: 0.0
logoutlocation:
  world: world
  x: 526.5
  y: 8.0
  z: 493.5
  yaw: 5.46167
  pitch: 2.4994261
