socialspy: false
uuid: df98d506-73bd-3302-a2e0-aa50bc090346
timestamps:
  login: 1436510867250
ipAddress: 118.97.32.226
lastlocation:
  world: world
  x: 525.5
  y: 13.0
  z: 491.5
  yaw: 0.0
  pitch: 0.0
logoutlocation:
  world: world
  x: 526.5
  y: 8.0
  z: 493.5
  yaw: 5.46167
  pitch: 2.4994261
