socialspy: false
uuid: cfa303e7-9bdc-3117-a011-2b215211e8fe
timestamps:
  login: 1436512995054
  logout: 1436512995058
ipAddress: 201.221.132.22
lastlocation:
  world: world
  x: 530.5
  y: 4.0
  z: 501.5
  yaw: 0.0
  pitch: 0.0
logoutlocation:
  world: world
  x: 526.5
  y: 8.0
  z: 493.5
  yaw: 5.46167
  pitch: 2.4994261
