socialspy: false
uuid: 80d05e0c-801c-3a76-b0e7-69231e8d8d18
timestamps:
  login: 1436527974410
  logout: 1436527976296
ipAddress: 189.31.143.250
lastlocation:
  world: world
  x: 530.5
  y: 8.0
  z: 497.5
  yaw: 0.0
  pitch: 0.0
logoutlocation:
  world: world
  x: 526.5
  y: 8.0
  z: 493.5
  yaw: 5.46167
  pitch: 2.4994261
