socialspy: false
uuid: 7e796139-4a11-3314-b90f-e9858be62f26
timestamps:
  login: 1436512526031
ipAddress: 212.25.61.158
lastlocation:
  world: world
  x: 533.5
  y: 4.0
  z: 492.5
  yaw: 0.0
  pitch: 0.0
logoutlocation:
  world: world
  x: 526.5
  y: 8.0
  z: 493.5
  yaw: 5.46167
  pitch: 2.4994261
