socialspy: false
uuid: 6eb472db-9295-3e40-8170-369ed9d827bf
timestamps:
  login: 1436512518869
  logout: 1436512519019
ipAddress: 85.202.7.27
lastlocation:
  world: world
  x: 520.5
  y: 6.0
  z: 500.5
  yaw: 0.0
  pitch: 0.0
logoutlocation:
  world: world
  x: 526.5
  y: 8.0
  z: 493.5
  yaw: 5.46167
  pitch: 2.4994261
