socialspy: false
uuid: e4656734-a5e0-3a15-b6ad-c60e3cf65651
timestamps:
  login: 1436512541560
  logout: 1436512541710
ipAddress: 177.107.97.246
lastlocation:
  world: world
  x: 526.5
  y: 9.0
  z: 483.5
  yaw: 0.0
  pitch: 0.0
logoutlocation:
  world: world
  x: 526.5
  y: 8.0
  z: 493.5
  yaw: 5.46167
  pitch: 2.4994261
