socialspy: false
uuid: 73632d69-c7b6-3847-8ee8-ff38e743d7b9
timestamps:
  login: 1436480462961
  logout: 1436480482325
ipAddress: 186.101.82.74
lastlocation:
  world: world
  x: 533.5
  y: 4.0
  z: 492.5
  yaw: 0.0
  pitch: 0.0
logoutlocation:
  world: world
  x: 526.5
  y: 8.0
  z: 493.5
  yaw: 5.46167
  pitch: 2.4994261
