socialspy: false
uuid: acbe0649-b7a0-393e-9ae9-609223fc40b5
timestamps:
  login: 1436136328723
  logout: 1436136340536
ipAddress: 92.133.169.15
lastlocation:
  world: world
  x: 527.5
  y: 9.0
  z: 484.5
  yaw: 0.0
  pitch: 0.0
logoutlocation:
  world: world
  x: 524.5118168839639
  y: 8.0
  z: 496.2904808368907
  yaw: 47.87935
  pitch: 16.222784
