socialspy: false
uuid: 1d6f9526-7700-35ed-9bf7-208360529c71
timestamps:
  login: 1436512398141
  logout: 1436512398541
ipAddress: 79.140.16.146
lastlocation:
  world: world
  x: 529.5
  y: 13.0
  z: 495.5
  yaw: 0.0
  pitch: 0.0
logoutlocation:
  world: world
  x: 526.5
  y: 8.0
  z: 493.5
  yaw: 5.46167
  pitch: 2.4994261
