uuid: 7a7d5770-2051-37b4-9bb3-3bb52cbbe3c4
timestamps:
  login: 1436103565993
  logout: 1436103793483
ipAddress: 81.56.149.117
lastlocation:
  world: world
  x: 518.5
  y: 6.0
  z: 488.5
  yaw: 0.0
  pitch: 0.0
logoutlocation:
  world: world
  x: 523.2005464053283
  y: 4.0
  z: 533.8143293590223
  yaw: 53.761494
  pitch: 9.2999935
socialspy: false
