socialspy: false
uuid: fd7a2df2-21b3-3f05-8107-f9313b798eee
timestamps:
  login: 1436510668700
  logout: 1436510697972
ipAddress: 201.251.156.17
lastlocation:
  world: world
  x: 533.5
  y: 6.0
  z: 499.5
  yaw: 0.0
  pitch: 0.0
logoutlocation:
  world: world
  x: 526.5
  y: 8.0
  z: 493.5
  yaw: 5.46167
  pitch: 2.4994261
