socialspy: false
uuid: d6d520c5-ce55-357b-a666-390254dd0a2d
timestamps:
  login: 1436528101331
  logout: 1436528102791
ipAddress: 95.188.112.11
lastlocation:
  world: world
  x: 530.5
  y: 8.0
  z: 497.5
  yaw: 0.0
  pitch: 0.0
logoutlocation:
  world: world
  x: 526.5
  y: 8.0
  z: 493.5
  yaw: 5.46167
  pitch: 2.4994261
