socialspy: false
uuid: 23b26c62-3cf9-3d7b-aad7-f2a93dc30955
timestamps:
  login: 1436439265922
  logout: 1436439271049
ipAddress: 90.6.61.155
lastlocation:
  world: world
  x: 522.5
  y: 8.0
  z: 490.5
  yaw: 0.0
  pitch: 0.0
logoutlocation:
  world: world
  x: 521.3645905989991
  y: 4.5
  z: 472.5986512991306
  yaw: 7.831693
  pitch: 33.796017
