socialspy: false
uuid: dcf70ecf-c796-369a-9cff-be0302f9a865
timestamps:
  login: 1436512407651
  logout: 1436512408550
ipAddress: 80.167.238.77
lastlocation:
  world: world
  x: 533.5
  y: 5.0
  z: 483.5
  yaw: 0.0
  pitch: 0.0
logoutlocation:
  world: world
  x: 526.5
  y: 8.0
  z: 493.5
  yaw: 5.46167
  pitch: 2.4994261
