socialspy: false
uuid: 494978f4-0680-3dc3-84e4-c3606d94d708
timestamps:
  login: 1437073225675
  logout: 1437073243083
ipAddress: 78.227.148.115
lastlocation:
  world: world
  x: 533.5
  y: 4.0
  z: 493.5
  yaw: 0.0
  pitch: 0.0
logoutlocation:
  world: world
  x: 521.5787382616613
  y: 4.0
  z: 508.1548607149454
  yaw: 128.05707
  pitch: -3.8789296
