socialspy: false
uuid: e54cfe39-b2b9-3bd6-9861-a8dcaf518cdb
timestamps:
  login: 1436480519205
ipAddress: 77.50.220.91
lastlocation:
  world: world
  x: 525.5
  y: 14.0
  z: 492.5
  yaw: 0.0
  pitch: 0.0
logoutlocation:
  world: world
  x: 526.5
  y: 8.0
  z: 493.5
  yaw: 5.46167
  pitch: 2.4994261
