socialspy: false
uuid: dd62c451-97a4-33d7-83c1-2d090b4c5a0c
timestamps:
  login: 1436527922853
  logout: 1436527951134
ipAddress: 201.251.156.17
lastlocation:
  world: world
  x: 524.5
  y: 13.0
  z: 494.5
  yaw: 0.0
  pitch: 0.0
logoutlocation:
  world: world
  x: 526.5
  y: 8.0
  z: 493.5
  yaw: 5.46167
  pitch: 2.4994261
