socialspy: false
uuid: 94ee3870-401e-3ab2-9030-3f6453716e91
timestamps:
  login: 1436510881135
ipAddress: 177.107.97.246
lastlocation:
  world: world
  x: 522.5
  y: 7.0
  z: 499.5
  yaw: 0.0
  pitch: 0.0
logoutlocation:
  world: world
  x: 526.5
  y: 8.0
  z: 493.5
  yaw: 5.46167
  pitch: 2.4994261
