socialspy: false
uuid: 50d02304-4a08-3fb9-ae81-5ab8257b00d2
timestamps:
  login: 1436510771239
ipAddress: 187.111.0.174
lastlocation:
  world: world
  x: 524.5
  y: 4.0
  z: 500.5
  yaw: 0.0
  pitch: 0.0
logoutlocation:
  world: world
  x: 526.5
  y: 8.0
  z: 493.5
  yaw: 5.46167
  pitch: 2.4994261
