socialspy: false
uuid: 4b696cae-7c49-3eb6-9f5d-7cfacf069eb6
timestamps:
  login: 1436510578727
ipAddress: 58.61.29.230
lastlocation:
  world: world
  x: 531.5
  y: 7.0
  z: 488.5
  yaw: 0.0
  pitch: 0.0
logoutlocation:
  world: world
  x: 526.5
  y: 8.0
  z: 493.5
  yaw: 5.46167
  pitch: 2.4994261
