socialspy: false
uuid: 0509b312-4ad0-347e-95c8-d4c2835e38f1
timestamps:
  login: 1436256647464
  logout: 1436256657907
ipAddress: 81.67.30.149
lastlocation:
  world: world
  x: 527.5
  y: 4.0
  z: 501.5
  yaw: 0.0
  pitch: 0.0
logoutlocation:
  world: world
  x: 526.5
  y: 8.0
  z: 493.5
  yaw: 4.277393
  pitch: 3.0482345
