socialspy: false
uuid: 78f1225a-d37b-3408-af10-06fa58b3f466
timestamps:
  login: 1436512394421
  logout: 1436512396028
ipAddress: 61.143.158.226
lastlocation:
  world: world
  x: 524.5
  y: 4.0
  z: 502.5
  yaw: 0.0
  pitch: 0.0
logoutlocation:
  world: world
  x: 526.5
  y: 8.0
  z: 493.5
  yaw: 5.46167
  pitch: 2.4994261
