socialspy: false
uuid: 35b98c21-81dd-39f9-b8b2-242d1e87c60c
timestamps:
  login: 1436517050092
ipAddress: 207.5.112.114
lastlocation:
  world: world
  x: 534.5
  y: 5.0
  z: 486.5
  yaw: 0.0
  pitch: 0.0
logoutlocation:
  world: world
  x: 526.5
  y: 8.0
  z: 493.5
  yaw: 5.46167
  pitch: 2.4994261
