socialspy: false
uuid: 4433327f-7ce1-362c-ae48-22f398e8ee83
timestamps:
  login: 1436269475439
  logout: 1436269489690
ipAddress: 212.198.58.147
lastlocation:
  world: world
  x: 535.5
  y: 4.0
  z: 496.5
  yaw: 0.0
  pitch: 0.0
logoutlocation:
  world: world
  x: 524.4030918796153
  y: 8.0
  z: 496.0030966000757
  yaw: -13.588341
  pitch: -1.8505701
