socialspy: false
uuid: fd5e0cc1-34c5-326d-bf3c-a624b6a77064
timestamps:
  login: 1436528030757
  logout: 1436528059979
ipAddress: 223.68.6.10
lastlocation:
  world: world
  x: 521.5
  y: 7.0
  z: 488.5
  yaw: 0.0
  pitch: 0.0
logoutlocation:
  world: world
  x: 526.5
  y: 8.0
  z: 493.5
  yaw: 5.46167
  pitch: 2.4994261
