socialspy: false
uuid: 9e2fbe0e-6273-3d1b-8fea-ae0dc727fe1d
timestamps:
  login: 1436378789726
  logout: 1436378800398
ipAddress: 105.104.161.210
lastlocation:
  world: world
  x: 516.5
  y: 4.0
  z: 494.5
  yaw: 0.0
  pitch: 0.0
logoutlocation:
  world: world
  x: 534.2804303278559
  y: 4.5
  z: 483.6651142964914
  yaw: 222.06166
  pitch: 10.949996
