socialspy: false
uuid: 6a028aa4-e158-3836-97b4-2c659a3c266e
timestamps:
  login: 1436511038269
  logout: 1436511038971
ipAddress: 177.107.97.246
lastlocation:
  world: world
  x: 522.5
  y: 13.0
  z: 493.5
  yaw: 0.0
  pitch: 0.0
logoutlocation:
  world: world
  x: 526.5
  y: 8.0
  z: 493.5
  yaw: 5.46167
  pitch: 2.4994261
