socialspy: false
uuid: 3170e1ac-9600-33bc-8319-85cbba4b58e4
timestamps:
  login: 1436510601307
ipAddress: 222.124.149.178
lastlocation:
  world: world
  x: 533.5
  y: 6.0
  z: 488.5
  yaw: 0.0
  pitch: 0.0
logoutlocation:
  world: world
  x: 526.5
  y: 8.0
  z: 493.5
  yaw: 5.46167
  pitch: 2.4994261
