socialspy: false
uuid: 9f4c457f-c8e3-3a65-9afa-52c083e4ddd5
timestamps:
  login: 1436510895593
  logout: 1436510896043
ipAddress: 223.68.6.10
lastlocation:
  world: world
  x: 528.5
  y: 12.0
  z: 497.5
  yaw: 0.0
  pitch: 0.0
logoutlocation:
  world: world
  x: 526.5
  y: 8.0
  z: 493.5
  yaw: 5.46167
  pitch: 2.4994261
