socialspy: false
uuid: 187349d3-881b-37e1-a96c-2af6513d28cc
timestamps:
  login: 1436205180884
  logout: 1436205181225
ipAddress: 86.205.120.48
lastlocation:
  world: world
  x: 527.5
  y: 8.0
  z: 485.5
  yaw: 0.0
  pitch: 0.0
logoutlocation:
  world: world
  x: 523.722565080084
  y: 8.0
  z: 491.021483257225
  yaw: -224.13734
  pitch: 18.59281
