socialspy: false
uuid: 03424d84-3085-35b3-bf98-2b881dffb334
timestamps:
  login: 1436510624318
  logout: 1436510625018
ipAddress: 91.106.34.18
lastlocation:
  world: world
  x: 521.5
  y: 7.0
  z: 490.5
  yaw: 0.0
  pitch: 0.0
logoutlocation:
  world: world
  x: 526.5
  y: 8.0
  z: 493.5
  yaw: 5.46167
  pitch: 2.4994261
