socialspy: false
uuid: 7659e695-b928-3a28-90a8-a26d5256cd53
timestamps:
  login: 1436527734816
  logout: 1436527762491
ipAddress: 202.148.27.122
lastlocation:
  world: world
  x: 533.5
  y: 6.0
  z: 499.5
  yaw: 0.0
  pitch: 0.0
logoutlocation:
  world: world
  x: 526.5
  y: 8.0
  z: 493.5
  yaw: 5.46167
  pitch: 2.4994261
