socialspy: false
uuid: 7f3b0b24-abf0-3405-b594-5f7c1e5acfa4
timestamps:
  login: 1436512490989
  logout: 1436512493875
ipAddress: 187.111.0.174
lastlocation:
  world: world
  x: 533.5
  y: 5.0
  z: 485.5
  yaw: 0.0
  pitch: 0.0
logoutlocation:
  world: world
  x: 526.5
  y: 8.0
  z: 493.5
  yaw: 5.46167
  pitch: 2.4994261
