uuid: 4ae5b2a7-e344-314d-8ba2-95c87cf93805
timestamps:
  login: 1436378843215
  logout: 1436013061651
ipAddress: 85.169.109.22
lastlocation:
  world: world
  x: 534.5
  y: 4.0
  z: 495.5
  yaw: 0.0
  pitch: 0.0
logoutlocation:
  world: world
  x: 511.2786325745539
  y: 4.5
  z: 482.9411895089053
  yaw: -199.73833
  pitch: -4.2505784
socialspy: false
