socialspy: false
uuid: 48cebb03-0ab7-339b-ae0d-9aedfd0cc483
timestamps:
  login: 1436512447331
  logout: 1436512448730
ipAddress: 202.53.254.99
lastlocation:
  world: world
  x: 535.5
  y: 4.0
  z: 484.5
  yaw: 0.0
  pitch: 0.0
logoutlocation:
  world: world
  x: 526.5
  y: 8.0
  z: 493.5
  yaw: 5.46167
  pitch: 2.4994261
