socialspy: false
uuid: fb5e4d09-427e-359d-afd6-219b65c1ee60
timestamps:
  login: 1436480487438
  logout: 1436480505455
ipAddress: 61.19.42.244
lastlocation:
  world: world
  x: 527.5
  y: 13.0
  z: 491.5
  yaw: 0.0
  pitch: 0.0
logoutlocation:
  world: world
  x: 526.5
  y: 8.0
  z: 493.5
  yaw: 5.46167
  pitch: 2.4994261
