socialspy: false
uuid: e1761064-7338-3871-b943-7f9db8451e38
timestamps:
  login: 1436510677283
  logout: 1436510677933
ipAddress: 103.11.192.114
lastlocation:
  world: world
  x: 527.5
  y: 8.0
  z: 483.5
  yaw: 0.0
  pitch: 0.0
logoutlocation:
  world: world
  x: 526.5
  y: 8.0
  z: 493.5
  yaw: 5.46167
  pitch: 2.4994261
