socialspy: false
uuid: f052e8e4-11fa-344b-9af3-7ba70fb6d018
timestamps:
  login: 1436510638629
  logout: 1436510667900
ipAddress: 162.223.88.243
lastlocation:
  world: world
  x: 524.5
  y: 7.0
  z: 488.5
  yaw: 0.0
  pitch: 0.0
logoutlocation:
  world: world
  x: 526.5
  y: 8.0
  z: 493.5
  yaw: 5.46167
  pitch: 2.4994261
