socialspy: false
uuid: f067d87b-8448-3b67-b93b-cf6424a697a6
timestamps:
  login: 1436528044181
  logout: 1436528059979
ipAddress: 85.201.112.114
lastlocation:
  world: world
  x: 526.5
  y: 13.0
  z: 497.5
  yaw: 0.0
  pitch: 0.0
logoutlocation:
  world: world
  x: 526.5
  y: 8.0
  z: 493.5
  yaw: 5.46167
  pitch: 2.4994261
