socialspy: false
uuid: d5818996-e588-3056-9227-4ff1dd55dc8b
timestamps:
  login: 1436516961700
  logout: 1436516962450
ipAddress: 103.11.192.114
lastlocation:
  world: world
  x: 519.5
  y: 6.0
  z: 499.5
  yaw: 0.0
  pitch: 0.0
logoutlocation:
  world: world
  x: 526.5
  y: 8.0
  z: 493.5
  yaw: 5.46167
  pitch: 2.4994261
