socialspy: false
uuid: c84ff398-7298-38d5-85df-6884d11e42d9
timestamps:
  login: 1436511121562
  logout: 1436511141821
ipAddress: 60.251.11.27
lastlocation:
  world: world
  x: 535.5
  y: 5.0
  z: 499.5
  yaw: 0.0
  pitch: 0.0
logoutlocation:
  world: world
  x: 526.5
  y: 8.0
  z: 493.5
  yaw: 5.46167
  pitch: 2.4994261
