socialspy: false
uuid: 70a4ea3e-39bc-339f-a183-06a2595d1816
timestamps:
  login: 1436510811389
ipAddress: 85.202.7.27
lastlocation:
  world: world
  x: 517.5
  y: 4.0
  z: 490.5
  yaw: 0.0
  pitch: 0.0
logoutlocation:
  world: world
  x: 526.5
  y: 8.0
  z: 493.5
  yaw: 5.46167
  pitch: 2.4994261
