socialspy: false
uuid: 91eb79da-fbb7-35b5-a2f7-7de4b7119641
timestamps:
  login: 1436562815539
  logout: 1436562825961
ipAddress: 88.123.82.33
lastlocation:
  world: world
  x: 532.5
  y: 7.0
  z: 489.5
  yaw: 0.0
  pitch: 0.0
logoutlocation:
  world: world
  x: 522.910410425319
  y: 8.0
  z: 497.2695641657764
  yaw: -133.24918
  pitch: 7.274186
