socialspy: false
uuid: a265bb65-3386-3044-8597-c39c46ef945c
timestamps:
  login: 1436464236226
  logout: 1436464250039
ipAddress: 78.248.21.120
lastlocation:
  world: world
  x: 519.5
  y: 6.0
  z: 499.5
  yaw: 0.0
  pitch: 0.0
logoutlocation:
  world: world
  x: 526.264581046074
  y: 8.0
  z: 495.2091415111058
  yaw: 33.08745
  pitch: 17.313244
