socialspy: false
uuid: 0d4cc8d7-3f7c-37b7-b894-fee18a0c01a9
timestamps:
  login: 1436480541324
  logout: 1436480570602
ipAddress: 162.223.88.243
lastlocation:
  world: world
  x: 524.5
  y: 12.0
  z: 497.5
  yaw: 0.0
  pitch: 0.0
logoutlocation:
  world: world
  x: 526.5
  y: 8.0
  z: 493.5
  yaw: 5.46167
  pitch: 2.4994261
