socialspy: false
uuid: a064637f-db30-31a2-8417-0e2f56ca2566
timestamps:
  login: 1436516953293
  logout: 1436516954943
ipAddress: 201.210.10.233
lastlocation:
  world: world
  x: 517.5
  y: 4.0
  z: 502.5
  yaw: 0.0
  pitch: 0.0
logoutlocation:
  world: world
  x: 526.5
  y: 8.0
  z: 493.5
  yaw: 5.46167
  pitch: 2.4994261
