socialspy: false
uuid: 9dba4648-b6ef-33b2-8321-38234d258e39
timestamps:
  login: 1436527798917
ipAddress: 85.202.7.27
lastlocation:
  world: world
  x: 528.5
  y: 4.0
  z: 500.5
  yaw: 0.0
  pitch: 0.0
logoutlocation:
  world: world
  x: 526.5
  y: 8.0
  z: 493.5
  yaw: 5.46167
  pitch: 2.4994261
