socialspy: false
uuid: 92cd4b52-4eb3-32b7-90d6-abef67950aaa
timestamps:
  login: 1436512452603
  logout: 1436512453753
ipAddress: 222.124.149.178
lastlocation:
  world: world
  x: 517.5
  y: 5.0
  z: 488.5
  yaw: 0.0
  pitch: 0.0
logoutlocation:
  world: world
  x: 526.5
  y: 8.0
  z: 493.5
  yaw: 5.46167
  pitch: 2.4994261
