uuid: 5ea08732-26af-3613-8ca6-a087157f0356
timestamps:
  login: 1435668650249
  logout: 1435668670830
ipAddress: 90.3.16.71
logoutlocation:
  world: world
  x: 534.5876762405419
  y: 5.5
  z: 486.8486393060906
  yaw: -85.200005
  pitch: 18.6
