socialspy: false
uuid: d2cb4834-2e1e-3d82-90c0-1174398b2500
timestamps:
  login: 1436527789433
  logout: 1436527790134
ipAddress: 201.210.10.233
lastlocation:
  world: world
  x: 533.5
  y: 5.0
  z: 485.5
  yaw: 0.0
  pitch: 0.0
logoutlocation:
  world: world
  x: 526.5
  y: 8.0
  z: 493.5
  yaw: 5.46167
  pitch: 2.4994261
