socialspy: false
uuid: 0befa1f3-3344-34c1-a794-8276ee40e0dd
timestamps:
  login: 1436510535479
  logout: 1436510564669
ipAddress: 5.56.61.185
lastlocation:
  world: world
  x: 519.5
  y: 6.0
  z: 486.5
  yaw: 0.0
  pitch: 0.0
logoutlocation:
  world: world
  x: 526.5
  y: 8.0
  z: 493.5
  yaw: 5.46167
  pitch: 2.4994261
