socialspy: false
uuid: d639256f-fb0c-3b74-8c8e-a11e60cdef90
timestamps:
  login: 1436510541443
ipAddress: 101.255.44.58
lastlocation:
  world: world
  x: 516.5
  y: 4.0
  z: 496.5
  yaw: 0.0
  pitch: 0.0
logoutlocation:
  world: world
  x: 526.5
  y: 8.0
  z: 493.5
  yaw: 5.46167
  pitch: 2.4994261
