socialspy: false
uuid: 7903e3e2-a30d-39ad-a5bb-60140bf2cd92
timestamps:
  login: 1436125249278
  logout: 1436125804653
ipAddress: 83.157.62.19
lastlocation:
  world: world
  x: 522.5
  y: 4.0
  z: 483.5
  yaw: 0.0
  pitch: 0.0
logoutlocation:
  world: world
  x: 533.9009646508764
  y: 5.5
  z: 500.30000001192104
  yaw: 134.91168
  pitch: 8.799545
