socialspy: false
uuid: 24875246-7723-3bef-90f0-d597c1ac6aee
timestamps:
  login: 1436480535169
  logout: 1436480560532
ipAddress: 221.229.252.98
lastlocation:
  world: world
  x: 533.5
  y: 5.0
  z: 483.5
  yaw: 0.0
  pitch: 0.0
logoutlocation:
  world: world
  x: 526.5
  y: 8.0
  z: 493.5
  yaw: 5.46167
  pitch: 2.4994261
