socialspy: false
uuid: a016c8ae-e0cf-3ea3-8813-87d2b3f303ad
timestamps:
  login: 1436512447331
  logout: 1436512448730
ipAddress: 91.217.42.1
lastlocation:
  world: world
  x: 528.5
  y: 7.0
  z: 484.5
  yaw: 0.0
  pitch: 0.0
logoutlocation:
  world: world
  x: 526.5
  y: 8.0
  z: 493.5
  yaw: 5.46167
  pitch: 2.4994261
