socialspy: false
uuid: 635761fd-8538-3564-8b03-d8812ccda6e6
timestamps:
  login: 1436107440988
  logout: 1436107466165
ipAddress: 85.110.206.102
lastlocation:
  world: world
  x: 524.5
  y: 7.0
  z: 485.5
  yaw: 0.0
  pitch: 0.0
logoutlocation:
  world: world
  x: 524.0249536225145
  y: 3.0
  z: 489.69999998807907
  yaw: 27.3
  pitch: 14.550001
