socialspy: false
uuid: e2f4e70f-e046-3c26-89cd-4d9807483ff1
timestamps:
  login: 1436510876931
ipAddress: 212.25.61.158
lastlocation:
  world: world
  x: 516.5
  y: 4.0
  z: 490.5
  yaw: 0.0
  pitch: 0.0
logoutlocation:
  world: world
  x: 526.5
  y: 8.0
  z: 493.5
  yaw: 5.46167
  pitch: 2.4994261
