socialspy: false
uuid: b6f14958-0f7b-3294-afe6-793bd56f7d32
timestamps:
  login: 1436527912688
  logout: 1436527913138
ipAddress: 163.177.79.5
lastlocation:
  world: world
  x: 517.5
  y: 4.0
  z: 490.5
  yaw: 0.0
  pitch: 0.0
logoutlocation:
  world: world
  x: 526.5
  y: 8.0
  z: 493.5
  yaw: 5.46167
  pitch: 2.4994261
