socialspy: false
uuid: 5f10af92-fb51-3da2-b806-4d03cfcfa1ad
timestamps:
  login: 1436528064392
  logout: 1436528064992
ipAddress: 223.68.6.10
lastlocation:
  world: world
  x: 527.5
  y: 5.0
  z: 499.5
  yaw: 0.0
  pitch: 0.0
logoutlocation:
  world: world
  x: 526.5
  y: 8.0
  z: 493.5
  yaw: 5.46167
  pitch: 2.4994261
