socialspy: false
uuid: 7fe83818-aa8a-304c-9eb6-3632f03d7dc9
timestamps:
  login: 1436510565919
ipAddress: 200.158.210.200
lastlocation:
  world: world
  x: 518.5
  y: 4.0
  z: 495.5
  yaw: 0.0
  pitch: 0.0
logoutlocation:
  world: world
  x: 526.5
  y: 8.0
  z: 493.5
  yaw: 5.46167
  pitch: 2.4994261
