socialspy: false
uuid: c1c79684-844c-3ae1-86e7-e9e8fd8a2d6d
timestamps:
  login: 1436510798971
  logout: 1436510800875
ipAddress: 216.171.205.9
lastlocation:
  world: world
  x: 535.5
  y: 4.0
  z: 496.5
  yaw: 0.0
  pitch: 0.0
logoutlocation:
  world: world
  x: 526.5
  y: 8.0
  z: 493.5
  yaw: 5.46167
  pitch: 2.4994261
