socialspy: false
uuid: 4f9863c0-b1ee-3115-ac56-53d9ac1c409b
timestamps:
  login: 1436512497479
  logout: 1436512498880
ipAddress: 181.211.191.227
lastlocation:
  world: world
  x: 529.5
  y: 13.0
  z: 496.5
  yaw: 0.0
  pitch: 0.0
logoutlocation:
  world: world
  x: 526.5
  y: 8.0
  z: 493.5
  yaw: 5.46167
  pitch: 2.4994261
