uuid: c3e40e40-d0e6-3e32-992a-f35bf74c3404
timestamps:
  login: 1435947597262
  logout: 1435947643462
ipAddress: 78.125.130.85
lastlocation:
  world: world
  x: 533.5
  y: 4.0
  z: 495.5
  yaw: 0.0
  pitch: 0.0
logoutlocation:
  world: world
  x: 490.9938325620109
  y: 4.0
  z: 519.859427581044
  yaw: -120.604065
  pitch: 20.20441
