socialspy: false
uuid: be302bfc-e6a2-3164-b94d-aa0d4e3b57dd
timestamps:
  login: 1436552100707
  logout: 1436552106664
ipAddress: 184.161.101.254
lastlocation:
  world: world
  x: 516.5
  y: 4.0
  z: 483.5
  yaw: 0.0
  pitch: 0.0
logoutlocation:
  world: world
  x: 529.8038834535519
  y: 6.0
  z: 500.5893595254386
  yaw: -54.988293
  pitch: 13.59942
