socialspy: false
uuid: 5f898cb6-2873-3a0c-83f2-4f66bb88daf7
timestamps:
  login: 1436480485831
ipAddress: 186.116.8.170
lastlocation:
  world: world
  x: 527.5
  y: 12.0
  z: 488.5
  yaw: 0.0
  pitch: 0.0
logoutlocation:
  world: world
  x: 526.5
  y: 8.0
  z: 493.5
  yaw: 5.46167
  pitch: 2.4994261
