socialspy: false
uuid: 51083ba5-0fb7-35b8-85dd-94f1ad510a30
timestamps:
  login: 1436516939169
  logout: 1436516939871
ipAddress: 183.224.1.12
lastlocation:
  world: world
  x: 533.5
  y: 4.0
  z: 492.5
  yaw: 0.0
  pitch: 0.0
logoutlocation:
  world: world
  x: 526.5
  y: 8.0
  z: 493.5
  yaw: 5.46167
  pitch: 2.4994261
