socialspy: false
uuid: ae73e132-f6e9-3d45-86b3-da1f707281af
timestamps:
  login: 1436511065363
  logout: 1436511081579
ipAddress: 85.201.112.114
lastlocation:
  world: world
  x: 534.5
  y: 6.0
  z: 487.5
  yaw: 0.0
  pitch: 0.0
logoutlocation:
  world: world
  x: 526.5
  y: 8.0
  z: 493.5
  yaw: 5.46167
  pitch: 2.4994261
