socialspy: false
uuid: c8f1be91-e91b-31e1-8456-fe9c9ea2bfa2
timestamps:
  login: 1436510561418
  logout: 1436510562168
ipAddress: 218.90.174.167
lastlocation:
  world: world
  x: 521.5
  y: 7.0
  z: 498.5
  yaw: 0.0
  pitch: 0.0
logoutlocation:
  world: world
  x: 526.5
  y: 8.0
  z: 493.5
  yaw: 5.46167
  pitch: 2.4994261
