socialspy: false
uuid: be8faf1f-f5a9-3ede-91e4-0cc3567e8caa
timestamps:
  login: 1436510558868
  logout: 1436510559669
ipAddress: 183.224.1.12
lastlocation:
  world: world
  x: 530.5
  y: 4.0
  z: 485.5
  yaw: 0.0
  pitch: 0.0
logoutlocation:
  world: world
  x: 526.5
  y: 8.0
  z: 493.5
  yaw: 5.46167
  pitch: 2.4994261
