uuid: 92831503-958a-3edd-b6e9-c9fc4a0e9eae
timestamps:
  login: 1435957883595
  logout: 1435958021672
ipAddress: 176.181.53.187
lastlocation:
  world: world
  x: 534.5
  y: 5.0
  z: 502.5
  yaw: 0.0
  pitch: 0.0
logoutlocation:
  world: world
  x: 516.4175199947354
  y: 4.5
  z: 476.18189037056123
  yaw: 2.120799
  pitch: 15.386713
ban:
  reason: 'Banni : TU FAIT CHIER !'
  timeout: 0
