socialspy: false
uuid: 2ab2872d-42ba-37d4-b03c-cd943101aa3e
timestamps:
  login: 1436398363395
  logout: 1436398385501
ipAddress: 83.152.114.153
lastlocation:
  world: world
  x: 518.5
  y: 6.0
  z: 488.5
  yaw: 0.0
  pitch: 0.0
logoutlocation:
  world: world
  x: 526.1159359392962
  y: 8.0
  z: 496.69999998807907
  yaw: 3.309818
  pitch: 17.132017
