socialspy: false
uuid: 4a842903-4f0f-3e74-bd6f-30c0a0382b28
timestamps:
  login: 1436905126347
  logout: 1436905153972
ipAddress: 82.232.198.53
lastlocation:
  world: world
  x: 528.5
  y: 13.0
  z: 496.5
  yaw: 0.0
  pitch: 0.0
logoutlocation:
  world: world
  x: 526.5
  y: 8.0
  z: 493.5
  yaw: 5.46167
  pitch: 2.4994261
