socialspy: false
uuid: 5e05f383-751b-3432-8560-9ce8235fdd5c
timestamps:
  login: 1436286085610
  logout: 1436286093236
ipAddress: 2.14.247.134
lastlocation:
  world: world
  x: 521.5
  y: 7.0
  z: 490.5
  yaw: 0.0
  pitch: 0.0
logoutlocation:
  world: world
  x: 536.6999999880791
  y: 4.5
  z: 501.17416453177924
  yaw: 189.96165
  pitch: -4.200074
