socialspy: false
uuid: da8dfafb-95db-36fe-b619-aa99fba430b6
timestamps:
  login: 1436295781529
  logout: 1436295803521
ipAddress: 2.14.247.134
lastlocation:
  world: world
  x: 533.5
  y: 6.0
  z: 489.5
  yaw: 0.0
  pitch: 0.0
logoutlocation:
  world: world
  x: 526.5
  y: 8.0
  z: 493.5
  yaw: 5.1616697
  pitch: 0.2494261
