socialspy: false
uuid: 95357fcc-7130-3a5b-a2a5-de6d46e8180c
timestamps:
  login: 1436511351424
  logout: 1436511352485
ipAddress: 162.223.88.243
lastlocation:
  world: world
  x: 521.5
  y: 7.0
  z: 487.5
  yaw: 0.0
  pitch: 0.0
logoutlocation:
  world: world
  x: 526.5
  y: 8.0
  z: 493.5
  yaw: 5.46167
  pitch: 2.4994261
