socialspy: false
uuid: 6a7a192b-5fa3-3a9b-85c6-c2a552785953
timestamps:
  login: 1436510859590
ipAddress: 223.68.6.10
lastlocation:
  world: world
  x: 527.5
  y: 7.0
  z: 486.5
  yaw: 0.0
  pitch: 0.0
logoutlocation:
  world: world
  x: 526.5
  y: 8.0
  z: 493.5
  yaw: 5.46167
  pitch: 2.4994261
