socialspy: false
uuid: d2c402d3-3f78-3b58-8182-df4d060f8f4b
timestamps:
  login: 1436510567019
ipAddress: 77.50.220.91
lastlocation:
  world: world
  x: 530.5
  y: 12.0
  z: 491.5
  yaw: 0.0
  pitch: 0.0
logoutlocation:
  world: world
  x: 526.5
  y: 8.0
  z: 493.5
  yaw: 5.46167
  pitch: 2.4994261
