socialspy: false
uuid: 31ccc278-1393-306c-8c35-20c569d516cc
timestamps:
  login: 1436527837270
  logout: 1436527865335
ipAddress: 183.224.1.12
lastlocation:
  world: world
  x: 525.5
  y: 13.0
  z: 491.5
  yaw: 0.0
  pitch: 0.0
logoutlocation:
  world: world
  x: 526.5
  y: 8.0
  z: 493.5
  yaw: 5.46167
  pitch: 2.4994261
