socialspy: false
uuid: c67257ca-3e4f-31fd-8d9b-dd345dd75295
timestamps:
  login: 1437073246933
  logout: 1437073253084
ipAddress: 86.211.70.52
lastlocation:
  world: world
  x: 524.5
  y: 4.0
  z: 500.5
  yaw: 0.0
  pitch: 0.0
logoutlocation:
  world: world
  x: 525.3000000119209
  y: 7.0
  z: 468.5579339198104
  yaw: 179.16933
  pitch: 33.96465
