socialspy: false
uuid: 3d69638c-4bff-36e2-b92c-94d853cd79a9
timestamps:
  login: 1436517057674
  logout: 1436517057923
ipAddress: 85.202.7.27
lastlocation:
  world: world
  x: 516.5
  y: 4.0
  z: 498.5
  yaw: 0.0
  pitch: 0.0
logoutlocation:
  world: world
  x: 526.5
  y: 8.0
  z: 493.5
  yaw: 5.46167
  pitch: 2.4994261
