socialspy: false
uuid: c8dfeddc-d327-3121-8780-46f57fb1a272
timestamps:
  login: 1436513003487
  logout: 1436513032812
ipAddress: 222.175.59.218
lastlocation:
  world: world
  x: 531.5
  y: 7.0
  z: 489.5
  yaw: 0.0
  pitch: 0.0
logoutlocation:
  world: world
  x: 526.5
  y: 8.0
  z: 493.5
  yaw: 5.46167
  pitch: 2.4994261
