socialspy: false
uuid: 80ca47ae-9e12-39e0-b7c2-e68ec60d7296
timestamps:
  login: 1436510560268
ipAddress: 41.207.106.25
lastlocation:
  world: world
  x: 534.5
  y: 6.0
  z: 488.5
  yaw: 0.0
  pitch: 0.0
logoutlocation:
  world: world
  x: 526.5
  y: 8.0
  z: 493.5
  yaw: 5.46167
  pitch: 2.4994261
