uuid: 44c60b92-0893-3925-9700-9467042aeed8
timestamps:
  login: 1435670244308
  logout: 1435670288995
ipAddress: 81.66.253.168
logoutlocation:
  world: world
  x: 497.8488168919006
  y: 4.0
  z: 517.1943588503996
  yaw: 84.30545
  pitch: 13.70459
