socialspy: false
uuid: d9d0581d-8e26-3421-9095-d4b730b41198
timestamps:
  login: 1436510579878
ipAddress: 103.11.192.114
lastlocation:
  world: world
  x: 526.5
  y: 5.0
  z: 499.5
  yaw: 0.0
  pitch: 0.0
logoutlocation:
  world: world
  x: 526.5
  y: 8.0
  z: 493.5
  yaw: 5.46167
  pitch: 2.4994261
