socialspy: false
uuid: de06fab5-b468-31ab-95e2-671fab3593c9
timestamps:
  login: 1436510780042
  logout: 1436510791373
ipAddress: 115.124.75.149
lastlocation:
  world: world
  x: 527.5
  y: 13.0
  z: 495.5
  yaw: 0.0
  pitch: 0.0
logoutlocation:
  world: world
  x: 526.5
  y: 8.0
  z: 493.5
  yaw: 5.46167
  pitch: 2.4994261
