socialspy: false
uuid: 7e30acc8-bb03-3c26-b6b7-68525e44ca88
timestamps:
  login: 1436961951706
  logout: 1436961964076
ipAddress: 92.153.25.83
lastlocation:
  world: world
  x: 527.5
  y: 14.0
  z: 493.5
  yaw: 0.0
  pitch: 0.0
logoutlocation:
  world: world
  x: 523.0780051784554
  y: 8.0
  z: 496.47977688962453
  yaw: 42.917778
  pitch: 27.270378
